8863.606532464646
8889.802197088411
8921.785892797974
8930.136550091265
8933.864372114615
8936.102288696364
8937.104323675543
8943.597319476992
8945.225196677058
8946.001998354903
8947.545468835446
8950.042164214343
8951.783788073071
8951.970271880336
8952.417752851485
8953.57810122663
8953.786030164567
8955.208808412775
8959.25379683241
8959.856754684024
8961.465318402086
8961.795210350352
8962.018820752455
8962.110378264551
8962.32515847889
8965.54113193461
8969.554025960913
8970.442186613016
8970.493493253653
8972.060533812026
8972.801445392106
8974.751805191307
8974.99031821563
8976.829450929676
8977.847675297151
8979.027279101369
8979.114977356036
8979.127918019301
8979.496666629828
8979.67261675439
8980.322917370448
8980.710737228243
8981.088246576439
8982.414954861222
8983.134275740284
8983.745389084019
8984.33674329766
8985.384358678702
8985.399997123222
8985.615092079523
8985.782684780614
8986.046389655407
8986.459190523745
8986.58602760039
8987.258516975524
8987.974068323729
8988.649936384043
8988.995724874898
8990.648318361007
8991.19160583779
8991.362802252923
8991.857798405636
8992.333412616423
8992.767306639507
8993.853329704383
8993.936934426622
8994.160225150512
8994.52681400841
8995.743864233873
8996.333589689402
8996.447626158917
8996.525861213026
8996.644356300447
8997.136734755626
8997.738998451721
8997.835000497465
8998.06921541749
8998.85720383802
8998.965997953532
8999.796710702944
8999.900305643636
8999.924293799282
9000.135992580372
9000.230876983313
9000.411056544714
9000.82424296817
9002.203211498752
9002.449748214976
9003.018823015625
9003.95861074975
9004.057436928017
9004.622125066848
9005.485799918932
9005.513635285912
9005.57734518217
9006.019118082944
9006.348454329973
9006.680011512812
9006.816336354252
9006.938408191869
9007.07370337343
9007.507661520238
9008.721176746769
9010.127663409101
9011.185759900787
9011.476413326456
9011.783138981235
9012.071591353902
9012.496474509377
9012.542475966353
9012.939470391162
9013.276339721768
9014.160647334736
9014.439926484889
9014.881270783359
9015.238951826539
9015.437080805661
9016.209139723482
9017.854486457029
9018.282930393478
9018.289564922266
9018.578821319268
9019.130456987674
9019.738836892515
9020.274943410323
9021.276822872556
9021.375981245697
9021.6663912742
9022.76841614735
9023.165254038106
9023.499306446669
9023.7691158695
9023.806073731073
9023.951802493411
9024.351498062051
9024.509769898781
9024.652308553706
9024.817891870074
9024.867431730454
9024.93471998128
9025.435500638916
9025.614220489506
9025.839685049688
9026.398643409411
9026.858548539416
9027.20464951733
9027.807841468439
9027.915577808079
9027.960646193878
9028.120547385855
9028.74589923693
9028.809265725373
9028.913550883246
9029.601780859311
9029.972055615835
9030.034790339996
9030.098044627975
9030.268377300028
9031.770477996004
9032.168330769939
9032.908639602416
9033.068831672714
9033.128079840177
9033.347731881688
9033.385159634514
9033.837045108798
9033.912098009752
9034.073822609113
9034.307170480266
9034.500038106866
9034.510248553175
9034.69428285278
9034.830461678099
9034.876823699282
9034.933551482638
9035.381556298491
9035.655454215856
9035.655672331774
9035.76078801829
9035.904076006129
9036.67818831609
9037.279244540186
9037.300471203507
9037.811031343314
9037.91212618034
9038.382045370287
9039.381408758667
9039.60332757136
9039.678609115195
9039.775291992224
9040.361773275803
9040.620646625004
9041.078092282525
9041.163756851394
9041.865063403715
9042.005952784159
9042.1625940346
9042.190189079083
9042.527762559033
9042.599371053446
9042.922044453453
9043.275973088543
9043.389902083838
9043.43779372768
9043.500490334776
9043.503009102446
9043.943310648981
9044.100549736024
9044.245515772673
9044.34636213576
9044.565220323107
9044.870760162989
9044.931113151899
9045.868943952713
9045.954147579625
9046.059821160052
9046.213090178548
9046.53910986644
9046.638130441177
9046.66992174738
9046.858502029861
9047.092291777877
9047.130785967236
9047.313188975106
9047.328470494094
9047.860765221067
9048.119895394058
9048.228919072655
9048.233222136423
9048.798716228024
9048.855496096487
9049.042490749865
9049.194676810983
9049.215345530021
9049.265450522018
9049.594063241362
9049.629924464913
9050.256875510928
9050.392823874115
9050.543562962579
9050.632211748523
9050.911402650607
9050.945606241838
9050.981522205559
9051.43588990518
9051.484341863214
9051.486020445223
9051.52752401805
9051.61845913567
9052.070842044519
9052.148029282564
9052.617192200147
9052.794337755175
9052.926309973707
9053.080690968975
9053.285392235191
9053.510834823297
9053.840049817638
9053.943703083341
9054.604890391442
9054.76664338261
9054.953355446662
9055.324592346122
9055.365236347176
9055.408347606042
9055.483714719698
9055.680108688373
9056.011736583607
9056.02427261144
9056.687282825163
9057.201205387048
9057.21788641096
9057.522541192357
9057.5738400524
9057.61190868813
9057.83748067808
9057.943519488088
9058.237215872503
9058.242634992688
9058.277493874675
9058.296116710304
9058.334987315202
9058.50911713603
9058.632681759622
9058.938122490328
9059.133811674632
9059.244287859547
9059.430195673054
9059.787744314957
9059.795160514639
9059.967445829776
9060.116756773043
9060.349445341591
9060.968630305704
9061.495606474815
9061.548950741937
9061.867783613412
9062.288088537593
9062.33066955557
9062.488084348195
9062.755275175967
9062.823477858947
9063.096415646838
9063.455323604714
9063.457789276616
9063.794114413193
9064.279132966927
9064.44454619021
9064.583511242521
9064.688121279862
9064.910153502311
9064.958168226318
9064.980404906972
9064.992276944855
9065.1625959589
9065.166439563878
9065.344784927638
9065.352214288176
9065.38673830882
9065.590855527142
9065.810381208652
9065.993438769228
9066.039483767801
9066.142804377798
9066.412906502268
9066.875912983041
9066.917084247003
9066.927691176237
9067.120775983296
9067.316889743335
9067.395190896352
9067.481299906416
9067.508151227205
9067.738924620353
9067.873207962626
9068.09999022595
9068.57494500402
9068.612304820517
9068.782086156407
9068.95819780819
9069.120966746721
9069.127456013777
9069.218560513673
9069.394893860495
9069.794472645695
9070.167524018818
9070.18954571254
9070.423663359285
9070.551632397786
9070.632648110735
9070.699399844661
9070.707616547592
9071.018060724675
9071.065918264669
9071.241429375736
9071.61699404764
9071.812196663719
9071.87587664772
9072.03194980052
9072.249635236203
9072.267776658598
9072.368700800116
9072.508449872723
9072.636474724348
9072.902288298554
9072.956514455664
9073.039477157205
9073.083122728927
9073.466794070206
9073.76559848221
9073.98414792847
9074.066427393123
9074.14360202229
9074.21345568553
9074.342743024941
9074.483262916616
9074.514103356933
9074.557032643566
9074.733113090499
9074.78343825441
9075.204159869647
9075.407966256173
9075.432603133915
9075.572036063288
9075.820833040043
9076.042551570034
9076.09281520984
9076.150328483729
9076.247843929688
9076.338190021066
9076.387932652164
9076.717095816277
9076.879517310972
9076.91980574724
9077.013226590952
9077.30014163554
9077.421718139538
9077.477289504926
9077.535381681117
9077.84002433588
9078.163357871226
9078.233942838991
9078.456132943218
9078.586660231127
9079.344568446051
9079.490060764912
9079.54634459194
9079.575869266022
9079.595845963937
9079.874506728665
9080.183511490453
9080.199551053109
9080.31648162664
9080.513524416783
9080.733708789125
9080.993337457268
9081.102038671814
9081.469146242349
9082.063227310064
9082.08989278731
9082.67566182988
9082.882145525171
9082.939208995764
9083.022740369566
9083.176973275718
9083.185786072188
9083.197643948415
9083.495688759796
9083.570258538353
9083.62474450467
9083.637919628582
9083.75171304323
9083.892008113731
9083.983546636151
9083.983974323295
9084.132960239815
9084.261632513697
9084.5902281048
9084.809222074035
9084.982573344494
9085.443802280452
9085.654528156583
9085.84683147191
9085.89372487485
9086.229995116568
9086.417021060912
9086.47202226378
9086.775921281458
9087.4632359939
9087.705043697926
9087.758428877685
9087.769800868846
9087.869861482339
9087.941992495897
9087.948184136038
9088.023763301451
9088.41869593602
9088.546856081704
9088.574359662223
9088.85518883723
9088.934953122798
9089.153295132415
9089.241739811137
9089.338216174914
9089.38138682619
9089.538979119394
9089.591652192476
9089.606747237054
9089.82023358795
9089.870500764551
9089.877762089143
9089.958201181329
9089.982898438977
9090.173959079017
9090.280165147691
9090.379182442648
9090.437892651677
9090.496559064313
9090.647396934552
9090.95230881344
9091.04999308539
9091.059487791044
9091.210903631634
9091.344374693772
9091.379000182409
9091.43430911691
9091.712776797882
9091.77751717018
9091.814361127139
9091.846118600124
9092.139121540347
9092.15426648482
9092.185512006177
9092.239032055366
9092.292579392179
9092.516177961566
9093.128539492443
9093.155379565593
9093.225532381335
9093.233269177963
9093.509164402674
9093.569086828322
9093.6262975778
9093.809504318364
9093.825789002936
9094.009607207487
9094.096088358912
9094.338317530091
9094.362138500874
9094.662083853806
9094.6823877726
9094.740972489926
9094.959510515951
9095.00767414824
9095.096784372363
9095.130191859886
9095.249685698287
9095.260381695041
9095.283069109708
9095.394030812404
9095.500325172767
9095.580440058873
9095.586321252988
9095.60743654253
9095.614973468353
9095.850987871241
9096.013311827426
9096.0885279802
9096.408101197916
9096.44897487469
9096.518629156884
9096.8316230813
9096.981189812715
9097.18870949815
9097.514777508006
9097.514893280275
9097.561736186219
9097.659573217661
9097.66072426387
9097.87854777725
9098.102885820297
9098.31944483104
9098.350400534366
9098.351816662593
9098.411700725606
9098.500750035195
9098.563362419523
9098.585749404303
9098.934306139428
9099.027584896876
9099.198268262699
9099.262959819023
9099.626860610702
9099.667701105252
9099.746980049678
9100.434406762644
9100.441707390144
9100.449626557278
9100.573589721638
9100.629478760822
9100.863018960337
9100.95503532252
9100.955967463191
9100.964036582356
9101.083036798203
9101.284205793163
9101.344995158728
9101.65191945132
9101.745812510359
9101.91928537666
9102.292300858247
9102.314575582015
9102.334086834615
9102.532807960355
9102.627194570072
9102.721836387662
9102.740420165761
9102.818216564996
9103.063603177401
9103.30995873932
9103.320403503438
9103.443370944055
9103.604614772974
9103.687032316386
9103.880824042199
9103.9016116051
9103.907392091216
9103.912836225198
9104.366309001867
9104.646996312476
9104.682504001501
9104.724380874266
9105.035808742128
9105.14731232965
9105.229331444572
9105.251761631183
9105.288103037985
9105.494303077332
9105.825405664427
9106.093959588607
9106.60760324796
9106.911355414793
9107.05917889403
9107.185668345946
9107.327466386774
9107.425501149777
9107.481812295247
9107.706751951124
9107.91650165049
9108.09394283625
9108.108113604045
9108.352328917335
9108.75523195578
9108.919794641366
9108.960576837751
9109.07928758696
9109.193188485016
9109.266287065544
9109.558872216614
9110.154652338357
9110.189658851432
9110.809673654607
9110.856821058618
9111.220631846247
9111.266514329565
9111.390418377716
9111.401127907971
9111.590051542275
9111.85186483212
9111.890108230451
9112.297148725109
9112.412776277453
9112.442659720247
9112.525766205392
9112.638683221108
9112.687532403264
9112.850519833284
9113.268155630685
9113.280531576242
9113.554232635906
9113.855879149847
9114.163087824847
9114.200089367536
9114.259883725292
9114.511292711857
9114.55609498312
9114.701959193131
9114.722755655095
9114.872146990132
9115.073322897355
9115.225242467
9115.404997016845
9115.51834520407
9116.055667323832
9116.441727027044
9116.53907341323
9117.003608352828
9117.027574372423
9117.324181623679
9117.355812319911
9117.38320107812
9117.442735036317
9117.480785787238
9117.70246429628
9117.814838886668
9118.029613717788
9118.51569326822
9118.58496188684
9118.61599998682
9118.748032172187
9118.756094796008
9119.004205124005
9119.126585720478
9119.143778313131
9119.260597098255
9119.324488262477
9119.507236623143
9119.554368740755
9119.639910837743
9120.048236090464
9120.12672356264
9120.879533276282
9120.984902823557
9121.065967828896
9121.127271769208
9121.1657419955
9121.248490835802
9121.252526017439
9121.293236755286
9121.461571328677
9121.465116254936
9121.641815798963
9121.786696254103
9122.033295468706
9122.277738512634
9122.350622022343
9122.5358272268
9122.745814618398
9122.859148437345
9123.028796061388
9123.187392723177
9123.19465049953
9123.534908368205
9123.656326834012
9123.884185008508
9123.90507221918
9124.0696044417
9124.344467594263
9124.651324697264
9124.665316941986
9124.828318967486
9124.856700247017
9124.919215880389
9124.99829230701
9125.544652407154
9125.688113901251
9125.755871889074
9125.862942293827
9126.0203170499
9126.182350070487
9126.335197269384
9126.86558598085
9127.66143747502
9127.693281428834
9127.792538686732
9127.825710477215
9127.942780166935
9128.020435516917
9128.20727451833
9128.575380618799
9128.60878372252
9129.084173400495
9129.12397524118
9129.877308937552
9129.91531402668
9129.948956593462
9129.995126265087
9130.005118205458
9130.39956749537
9130.424998367607
9130.475038349745
9130.861452251575
9131.187973326505
9131.19372063539
9131.242441541828
9131.252146040268
9131.25353831148
9131.514338743318
9131.765983034293
9131.793329277445
9132.195387898355
9132.311153013505
9132.41938756168
9132.446066651075
9132.524097874071
9132.628166063965
9132.833598081315
9132.85376400823
9132.916796449443
9132.978800648161
9133.330054904558
9133.51059802916
9133.711848982111
9133.720568085238
9133.7485281754
9133.989872270855
9134.20806390917
9134.21982239058
9134.385328129489
9134.595640915484
9135.113993866958
9135.124099003597
9135.27987349686
9135.376285025855
9135.776736597802
9136.643913824444
9136.84770781191
9137.036407657759
9137.064358038288
9137.2335475059
9137.334228766438
9137.705836130111
9137.795081390903
9138.192752203548
9138.445371043772
9138.629161266572
9139.086063736648
9139.351299325268
9139.448061045407
9139.492122205698
9139.668841462832
9139.681101732265
9139.727296450226
9139.925398087977
9140.057374877686
9140.09143961623
9140.644467852826
9140.992418821945
9141.174759038002
9141.351094590314
9141.392172835273
9141.456970884108
9141.581997356643
9141.852485573658
9141.987446399964
9142.062587858863
9142.230515414465
9142.439540247042
9142.56138555993
9142.894322387017
9142.96731651025
9143.444923767765
9143.693891254858
9143.740774692984
9143.812885597694
9144.199653493775
9144.888212340538
9145.125248458302
9146.101951856961
9146.974426508214
9147.081821828804
9147.094188410743
9147.142820241357
9147.371649766745
9147.49091203894
9147.675397310855
9147.993066898136
9148.289867112464
9148.917599013845
9149.025127963747
9149.282809018367
9149.347406767632
9149.378522339754
9149.49055513227
9149.85837822738
9149.884370067999
9149.972464786219
9150.091657446568
9150.159435610907
9150.260640639015
9150.346976511222
9150.382411557759
9150.637330430976
9150.652702926385
9150.710840835962
9150.82075506598
9151.022882327869
9151.899635739697
9152.114521808313
9152.772603076746
9154.059934970819
9154.664785348468
9155.140108780563
9155.322618018614
9155.463430795075
9155.522641100591
9155.844999769115
9156.087745024912
9156.605136143407
9156.702915582386
9156.707302544435
9156.748263792937
9156.895779449173
9157.506304169681
9157.985860403789
9158.16923086809
9158.238317685318
9158.425250776152
9158.980679647944
9159.16526260162
9159.188938419955
9159.290860474564
9159.526614262619
9159.647531242374
9159.887289779566
9159.92277665841
9160.18913151029
9160.697389644294
9161.058395456972
9161.22061122891
9161.274088322773
9161.331436571418
9161.837453306094
9162.489796001673
9162.881266826247
9162.966706781117
9163.859568342601
9163.891890492938
9164.107713565647
9164.413123127031
9164.414630696761
9164.645284156604
9166.243859801461
9166.638058865163
9167.815898547871
9167.964418287645
9168.077392628784
9168.203297573122
9168.22370681614
9169.183691798467
9169.233982869835
9169.421532082493
9169.853118075986
9170.222109575248
9170.953654282961
9171.201449147109
9171.204454828012
9171.772226973608
9171.953519930303
9172.522205967956
9172.996968305291
9173.053190139695
9173.197289108453
9175.441253748113
9176.083235128694
9176.109965911039
9176.76758342484
9177.015739997516
9177.738290259309
9179.805019059519
9179.816288878585
9180.026693713104
9180.097624892189
9181.009142093779
9181.176999279787
9181.271893118075
9181.606814932875
9181.610017421543
9181.933901365323
9181.942198041414
9182.134675800975
9182.271661885048
9182.760936166162
9183.112944423337
9183.191283617914
9183.409607605177
9183.73613934017
9184.414918434399
9185.395575634404
9186.055642265395
9186.547177395954
9187.457128532636
9187.79813953876
9188.301669461844
9188.39664777044
9190.71102487871
9190.836457931362
9193.148148345635
9193.42379661007
9194.243452081057
9194.395596634526
9194.41302443216
9194.905781029298
9195.625012766808
9195.630259005182
9196.536129069473
9197.854884828797
9198.376195825114
9198.475282168287
9199.203071805148
9201.701674547467
9201.72280077789
9202.531887465439
9203.05934815174
9204.202509639827
9205.463021580672
9206.055453523748
9206.08484858398
9206.224482955517
9206.482030513127
9206.988490299109
9208.344235913066
9209.031757304645
9209.943104349291
9210.822836388332
9211.002547259848
9211.71237565813
9212.099040246736
9212.230324448517
9212.489277393808
9213.028728246243
9213.62293469812
9215.544553867547
9220.359803464084
9220.480586885875
9221.621803928423
9223.473080653117
9225.619666087885
9225.921575971946
9227.355000368212
9227.77140044669
9232.550408106032
9233.251235476335
9233.899369241488
9244.1680717836
9250.441524167918
9250.836087303747
9254.420449584582
9263.014606305585
9302.680266334746
