6803.751040058119
6830.053801265528
6850.933212102706
6853.4991935975895
6856.230795810714
6858.17299516358
6858.62792668762
6859.773045717186
6874.5587402664005
6876.819251769871
6880.051524447006
6884.731556191341
6892.6052472452675
6894.9731413594645
6899.062687178272
6900.917279912634
6902.187110820288
6902.655678165878
6907.106659577839
6908.532256116755
6916.517505187474
6918.915515430033
6919.171110826569
6923.202053111386
6923.683865259267
6925.140109278694
6925.614347523483
6926.492880938945
6927.993884784017
6929.399472303138
6929.546532203863
6931.14826646119
6932.047616267821
6932.759944864216
6935.192230770081
6935.973351517115
6936.296362154038
6937.397254692966
6938.181065614621
6942.021656812227
6942.218451639127
6942.422606999912
6943.925458774107
6944.044327507412
6946.9892173915405
6946.997273109878
6947.321622698362
6951.152486154492
6954.626890916257
6961.203878032296
6962.915981447321
6963.561608574909
6963.949223432555
6964.140462436706
6964.602972081059
6964.887164914436
6965.403579939431
6965.971625236074
6966.6613314517335
6967.1076923356295
6967.607629241333
6969.224457622305
6969.457976043863
6970.83033392239
6973.0381722503635
6973.686286889437
6973.960666419298
6975.411967424487
6975.818510433435
6976.125832360306
6976.773299547455
6976.859888722304
6977.023058782603
6977.442806096198
6978.062444964247
6978.516283288033
6978.647054186305
6980.724398231995
6981.535219104432
6982.40053743727
6982.996314130081
6983.001201441726
6983.734138316208
6984.232166259813
6984.763132983778
6986.279524405665
6987.282482421694
6987.486116120418
6987.775874454098
6987.9446673368775
6988.248327102113
6988.593401295881
6988.718176652222
6990.1423344110235
6991.213282153331
6991.928385962386
6992.711740015853
6994.140946671224
6994.34401509817
6995.449701062427
6995.523604322154
6996.850416785574
6998.844837684862
6999.549043861951
7000.257410744913
7001.182554823018
7001.871200086602
7003.371780778348
7004.181538452317
7004.301775533058
7005.122536366415
7006.6806749007565
7006.921600757147
7008.121317299031
7009.19096473213
7009.511417145679
7009.93740866264
7010.351024352351
7011.815758405004
7013.077798782086
7013.769706553776
7014.6570166962265
7015.008116251953
7015.781391405446
7016.0263197548675
7016.725699637292
7017.277240113085
7019.541168766394
7020.389987374798
7020.406150661762
7020.985411499832
7021.46188745446
7022.0212303579365
7022.32551476079
7022.870720310859
7022.9935683827325
7023.034581538088
7023.199688229241
7023.413742620787
7023.593630243733
7023.72462456718
7024.29518330743
7024.33537011115
7024.534662702746
7025.247131155074
7025.318172666133
7025.455558388338
7025.925429390327
7027.352613635841
7028.034080480345
7028.205931312326
7028.520708711942
7029.2403059856
7029.676688815158
7029.7176046836385
7029.866469855202
7029.9167442258895
7030.364879867723
7030.6496144121575
7030.946941284009
7031.036697693932
7031.0951230757155
7031.837053736164
7032.1476365615745
7032.727427420573
7033.205346265469
7033.447398156847
7034.207925032515
7034.442696257577
7035.814748054809
7036.710543185505
7038.304130642851
7040.191035002975
7041.164472483124
7041.894183233453
7042.405573241314
7042.521054076176
7042.574831905562
7043.62630549905
7043.681449200534
7044.119898714848
7044.696602498893
7044.750728256064
7045.775678826756
7046.296047577843
7047.207096489841
7048.093540602107
7048.859733537601
7049.195775469857
7049.345202785388
7049.450525402554
7049.50867507213
7049.67976056136
7049.680946852063
7049.685426548458
7050.331452240546
7050.474015761089
7051.008267279122
7051.976293955865
7052.048390447854
7052.374874919545
7053.07918114182
7053.990700117277
7054.047972976215
7054.069675551097
7054.73025088987
7055.000230901441
7055.177265349837
7055.820808660211
7056.250479242853
7056.350786868101
7056.841463312937
7056.946392942874
7057.0668065004365
7057.1001780468705
7058.31592161162
7058.860161942594
7059.468558742702
7059.484885677041
7059.761492501706
7059.932686924883
7060.561460688983
7060.70196350605
7061.69566197188
7061.777993798597
7061.91924649723
7062.710080393759
7062.735475243192
7063.010229653185
7063.173617525009
7063.340083766138
7063.841886759495
7064.12411572096
7064.3451874943685
7064.587944069165
7064.988718261134
7065.113187194217
7065.7585854743365
7066.243119931748
7067.190216957971
7067.855035770463
7068.306785542954
7068.608939513647
7070.078931198035
7070.251523729968
7070.6557212811285
7070.913802746267
7071.800599556655
7072.245850323025
7072.855411444637
7072.941717705354
7074.692800356638
7075.111215779875
7075.885643075342
7076.705989434455
7077.935366916179
7078.126200697966
7078.940982119534
7078.954006355802
7079.228266546644
7079.591931398147
7079.7933652317115
7080.347247459339
7080.799637168478
7081.1890843881665
7081.217493315133
7081.3134463350325
7081.786274287678
7082.058662871946
7082.337724846485
7082.708862912853
7083.024434628601
7083.113915827685
7083.500576118546
7085.929033695688
7086.136680544984
7086.29034675257
7086.508979389358
7086.5619151492365
7086.718185820679
7086.935631908989
7086.977341244904
7089.2021694540135
7089.474275586436
7089.657675061121
7089.952550305751
7090.238133867276
7090.789374250134
7091.810898143585
7092.0930377235645
7092.5596518756665
7093.194957608191
7093.686677375948
7094.10008467785
7094.954879496595
7095.217405338011
7095.530897732294
7095.6265170085635
7095.6272243866215
7095.844505912527
7095.881625234546
7096.619952281393
7096.7948816584385
7097.26646446346
7097.424114786481
7098.242397570166
7098.656702682249
7098.828713018264
7098.861936653554
7099.5629468889365
7099.8607793463625
7099.868208437154
7100.08975704332
7100.276110021939
7100.3302479121285
7100.34052077694
7101.145210126359
7101.168455574352
7101.648944517824
7101.710638536412
7101.762733864396
7102.725429169516
7102.960456760984
7103.02577529836
7103.102675282668
7103.340410585362
7103.440139819884
7103.470497447078
7103.486073159999
7103.627143768529
7103.645466525764
7103.69572283898
7104.5815928840675
7104.761808710452
7105.139295620472
7105.604652681854
7105.990996163643
7106.444977298997
7106.906263766782
7107.009535238816
7107.499233475774
7107.733633291212
7108.1361299052405
7108.487012934834
7108.528511503476
7109.057066727408
7109.18032383342
7109.436393926694
7109.527739545912
7110.528858861113
7110.617764861954
7110.6636379049605
7110.6837814606815
7110.997168159698
7111.704371536123
7112.00811900967
7112.42142830612
7112.7864934917
7114.003042965706
7114.013344337259
7114.135735064577
7114.557682840739
7114.821480040194
7115.11706724385
7115.278101596589
7115.643534053561
7115.9979232551
7116.5938883489225
7116.666341882724
7116.671357974623
7116.992304345345
7117.71263946232
7117.729473870662
7118.46168490083
7119.417829774916
7119.458244493509
7119.551380781871
7119.641263555299
7119.678586621001
7119.942561474012
7120.778436900222
7120.999722246955
7121.368561424271
7122.499861864991
7122.504257976951
7122.829699543028
7122.938991617103
7123.413165570476
7124.659549995001
7124.709192112898
7124.992456274487
7125.490518060339
7126.016395596223
7126.232359029436
7126.309243031071
7126.51517044908
7126.623763603665
7126.6552398858485
7126.928156646275
7126.965664235095
7127.1448479588935
7127.52162005983
7127.668639749166
7127.924044062174
7128.233523737867
7128.378388667809
7128.403001284138
7128.9038829652945
7129.03777826757
7129.256681622135
7129.439679414375
7129.474605886209
7129.619647214168
7129.690648797546
7129.84213778581
7130.474553836192
7130.799397104874
7131.002685109131
7131.146892921593
7131.498994886465
7131.844212288155
7131.860645549209
7132.015748364678
7132.381933729309
7132.978221827322
7133.18356796499
7133.3524341317825
7134.147318531844
7135.475162887832
7135.885489438989
7136.133788419406
7136.40407950561
7136.468431258454
7138.097570005284
7138.270328985778
7139.12718754739
7139.396324018389
7139.423855108688
7139.487499392309
7139.508649315117
7140.402336889056
7140.747815468368
7141.1745410807
7141.459181319785
7142.424293106608
7142.857392121102
7143.025949082169
7143.094770820107
7143.135180897272
7143.19617974558
7143.423181276278
7143.596417312348
7144.666329306785
7145.002619286093
7145.724365532742
7145.780417476962
7146.237065763028
7146.778042104681
7147.19268558711
7147.865112779446
7147.947306958986
7148.021010926258
7148.3875764645245
7148.6390540882285
7148.811163793958
7149.264387408549
7149.268571657623
7149.990924689062
7150.0516263224345
7150.708481563272
7151.53616351644
7151.97307537575
7152.39160868948
7152.613979380809
7152.84945944171
7153.139356679721
7153.5149872944985
7153.5770800381015
7154.17888104894
7154.311511924057
7154.322404744488
7154.708686693418
7154.983396093042
7155.224351066999
7155.244262979947
7155.380264742446
7156.3872270712545
7156.835976465991
7156.932300022519
7156.943370604175
7157.311495401733
7157.54134873474
7157.8455022656135
7158.225883717944
7158.5041555691105
7158.516683166891
7158.633287146652
7158.919154352106
7159.133909635962
7159.343655693672
7159.575251378988
7159.592796524313
7160.67565471747
7161.0707303123345
7161.123937180856
7161.920334856153
7163.022881523398
7163.033913919157
7163.148115220239
7163.463566604478
7163.574752741875
7164.186836173933
7164.500937518171
7164.587636107522
7164.651631030734
7164.665945699002
7165.650096480652
7166.022726218499
7166.479800209477
7166.588640749437
7166.916149937755
7167.102102037384
7167.254939039055
7167.300938986549
7167.380103532081
7167.517094309883
7167.7637562598775
7168.121362578639
7168.820190611101
7168.929754774062
7168.973088877299
7169.022658363778
7169.399062745688
7169.74775238945
7169.9245087895715
7170.018249910737
7170.133642783586
7170.308419049301
7170.340324742987
7170.6579569298465
7171.204573812165
7172.823143706477
7172.940108352996
7173.008809330341
7173.360589407867
7173.925154823026
7174.032071641794
7174.042473499192
7174.375387166958
7174.739702511352
7174.929073836381
7175.119885948355
7175.199965603513
7175.214420894479
7175.330412124749
7175.733432119824
7176.252024688962
7177.082845363808
7177.312902296619
7178.085000107011
7178.487407367376
7178.6646005156135
7178.935219839638
7179.024597276621
7179.398718216296
7179.446369167645
7179.6382729635125
7179.88418236162
7180.023602503259
7180.119901523986
7180.149539884257
7180.1998328585605
7180.336520580753
7181.393445580506
7181.727976435923
7181.894762475429
7182.1864706626075
7182.338840305861
7182.62070477981
7182.885068151105
7182.897945510547
7183.222214088996
7183.307900128041
7183.3748481535495
7183.39320802059
7184.264195111985
7185.49845864501
7185.66065228923
7185.690647032632
7185.813840822541
7186.003114989308
7186.345245807237
7187.182223878424
7187.3439432843115
7187.607864482313
7187.857032469126
7188.0670256558005
7188.184235702631
7188.608326318041
7189.618190411308
7189.631944462027
7189.782570476976
7189.828679456238
7190.132645214437
7190.209374505245
7190.231180529628
7190.259345249711
7191.431920793572
7191.577463125627
7191.685871724351
7192.519904227461
7193.060766897469
7193.474830365535
7194.239547568054
7194.866621594351
7194.885532462442
7195.343979587312
7195.772057411924
7195.818959390045
7195.946165239968
7196.1013149547125
7196.899372260836
7196.98708780221
7196.993103342885
7197.0395496240235
7197.278841468471
7197.397104109722
7197.5817963884
7197.762007615718
7198.5250045233515
7199.530810156303
7200.061859325993
7200.063821433718
7200.094876377922
7200.392030230567
7200.599976569769
7200.748915661395
7201.400709571434
7201.41241712888
7201.4487038716225
7202.163715857476
7202.357087754379
7202.637328852881
7202.7326103417345
7202.852301345952
7203.166373533183
7203.468898607369
7203.840744946254
7203.930854803635
7204.023203018365
7204.426363553017
7204.47575942866
7204.637162271021
7204.839519938949
7204.963829186
7205.936001408659
7206.276766127607
7206.404134537404
7206.533981357796
7206.564841287784
7206.61424633559
7207.345153327265
7207.677704275054
7207.859211775778
7207.861027542615
7207.905237308537
7208.316786545179
7208.565567314216
7210.057561743503
7210.4204977944455
7210.427321842153
7211.178996666265
7211.787030395034
7212.08950957039
7212.189771151182
7212.420623447988
7213.184902095727
7213.702029769091
7213.792611059941
7214.049167770782
7214.087789995243
7214.823024981431
7216.828771887518
7216.949018629098
7217.048642331566
7217.265633591642
7217.64125243095
7217.77910389896
7217.824041465703
7218.303114341058
7218.476018909597
7218.598965612636
7218.627523544166
7218.805394238161
7218.857093817232
7218.8609494138755
7219.000522081824
7219.023344346065
7219.764093143507
7219.884626834788
7220.430832570103
7220.907628338124
7220.997314339943
7221.506494868171
7221.63621357996
7221.733819393313
7221.786592438338
7222.622091298711
7223.0494838741315
7223.120532221093
7223.2199797192125
7223.837416910793
7223.956182490745
7224.384359647861
7225.165042415958
7225.271329912835
7225.958125623881
7226.2602413006725
7226.6137388827665
7226.911795038902
7227.323314766605
7227.941437937714
7228.584077682911
7228.659503724907
7228.79187946479
7229.017200136878
7229.159809398279
7229.320271147023
7229.649078522531
7229.651807182867
7229.905643725208
7230.156078491698
7230.97400189918
7231.262350400668
7231.847842517713
7232.137484432247
7232.3253579653965
7233.072031112928
7234.4464655714555
7234.539458903602
7235.308376310587
7236.063024885007
7236.46097122029
7236.768684503857
7237.197345845728
7237.48193633253
7237.502174408017
7237.8589509913245
7239.1973236216645
7239.536307380155
7239.869352123761
7239.892017577524
7240.12829204976
7240.49328832863
7240.5209625289535
7240.627100941
7241.051068938163
7241.197979590845
7241.516257939486
7243.154718133762
7243.805155748607
7244.646142855236
7244.790293945281
7244.846760173181
7245.202615577893
7246.0862072350965
7246.154253014884
7246.238015940117
7246.604945954811
7246.689073235837
7248.32536394015
7248.371191713255
7248.633951499276
7249.418125562435
7249.555107385701
7250.463228237333
7250.8841186808095
7251.644110518775
7251.855663556189
7252.66280827438
7252.816099003942
7253.192166219697
7253.282620397477
7254.1309157794385
7255.364229119411
7255.459919498595
7256.004891089776
7256.707844570974
7256.8174093213465
7258.492316362306
7258.786913950767
7258.796160393684
7259.369369932257
7259.724665045722
7259.924316701732
7260.094263909442
7260.598326917152
7260.73352763547
7261.053432054427
7261.063183021542
7262.487732936415
7262.659435312138
7262.81375863248
7262.892105562169
7263.065028692768
7263.158180706014
7263.409860619927
7264.1123252559155
7264.497655321968
7264.8866404423225
7265.8659747822385
7267.14481593189
7267.408600658553
7267.537076654146
7267.658970356181
7267.708838434721
7267.9377408123155
7268.450130479587
7268.972840424941
7269.1487895544915
7269.6343243208075
7269.924164811152
7270.745760433087
7271.287992365172
7271.85171844533
7274.011272697353
7274.2718293294565
7274.3371799659135
7274.352450999713
7274.363095728776
7274.940904081577
7275.697913203272
7275.780878467904
7276.2779103980165
7276.308926202414
7276.78361159152
7277.010350480679
7277.109049168507
7278.363975635629
7278.77068464899
7279.501180005329
7279.5312072495135
7279.761350744245
7280.413129309267
7280.571567928398
7280.818280609071
7281.220100497474
7281.476003241575
7281.779627421015
7282.047609309661
7282.3753768846145
7283.244808720912
7283.325736902562
7283.782661311667
7284.3174444805545
7284.5538755703665
7284.575016140923
7286.010393578836
7286.416584860221
7286.541246545796
7286.966617217185
7287.189774745729
7287.858456922653
7287.91410849877
7288.0383869299885
7288.039825712979
7289.591318182989
7290.231063095759
7290.643913308365
7291.371530439222
7292.987254404726
7293.141120508194
7294.086256331943
7294.512979924984
7294.605541928695
7294.6102423566135
7295.684527783746
7297.206720014621
7297.276858003884
7297.547215516
7300.04821170068
7301.208235879481
7302.0077299954755
7302.367501778232
7302.679874038992
7302.767020042162
7303.71480603963
7304.067861818273
7304.5246080512115
7305.401716699469
7305.427733280787
7305.627479945969
7307.948483315847
7308.039093168868
7308.313455776325
7308.371270749702
7309.248463948243
7309.765126565237
7309.906208094771
7311.242596731423
7311.509430398357
7311.6117862719275
7312.226954168487
7312.3168364816165
7312.817506802642
7314.668635862173
7314.73579175803
7315.3002012262405
7316.276504189089
7316.444471898993
7317.974848012514
7318.405879579737
7320.778879528806
7320.923944326015
7322.683526261251
7323.517219688543
7323.989804280524
7325.274978074372
7325.536701437928
7325.841947058441
7326.992998183343
7327.277801210653
7327.465369813808
7328.747817456697
7329.269477519375
7331.222928056467
7336.227103392141
7336.7388139971035
7336.886185323862
7337.167593225482
7337.526738026036
7337.676187445147
7339.617825564088
7340.126549491425
7341.796048919881
7342.348496332365
7342.389636438131
7342.423299976988
7342.4269414324945
7342.51772583506
7344.983004415434
7346.766002913459
7346.814445077957
7346.912088632099
7347.6521754197565
7352.92013628985
7353.574441446176
7353.695959705926
7354.677831836324
7356.727644265697
7358.081446135572
7360.645543188709
7361.249319361052
7362.630280891142
7363.026962217521
7363.916756580581
7365.38003144033
7366.062274216657
7368.305638358261
7368.418894842323
7369.177998352242
7369.428752581816
7370.388594305598
7373.529767406168
7373.641902090061
7378.642983182677
7382.73768787618
7383.431304821049
7383.849475729513
7384.212406198422
7385.325435394797
7385.402763146307
7387.092420890022
7388.4050069818195
7389.666503954824
7394.536317796997
7397.032163443119
7398.929761998026
7401.461630838991
7403.394958563001
7405.010154973074
7406.351813595921
7407.397844722609
7410.62999011501
7411.962041950448
7412.565310559712
7420.697929934087
7421.500704242117
7423.666167121655
7433.340899344215
7435.459695244362
7435.513226056634
7440.599834806247
7456.6949642169675
7463.169673768435
7482.338175398426
7484.547417694822
7493.274789255249
7563.345222838069
7578.975305521495
