8863.606532464646
8933.864372114615
8951.783788073071
8952.417752851485
8970.442186613016
8976.829450929676
8979.496666629828
8980.322917370448
8986.58602760039
8991.857798405636
8993.936934426622
8994.160225150512
8997.136734755626
8997.835000497465
8998.85720383802
9000.135992580372
9000.411056544714
9005.485799918932
9005.513635285912
9005.57734518217
9006.348454329973
9011.185759900787
9012.071591353902
9013.276339721768
9017.854486457029
9018.578821319268
9019.130456987674
9021.276822872556
9021.375981245697
9021.6663912742
9023.165254038106
9023.499306446669
9024.351498062051
9025.614220489506
9026.398643409411
9027.20464951733
9028.120547385855
9028.913550883246
9030.268377300028
9032.168330769939
9033.128079840177
9033.385159634514
9033.912098009752
9034.307170480266
9034.933551482638
9035.655672331774
9036.67818831609
9037.300471203507
9038.382045370287
9039.775291992224
9041.163756851394
9042.1625940346
9042.190189079083
9042.599371053446
9043.43779372768
9043.503009102446
9043.943310648981
9044.245515772673
9045.868943952713
9045.954147579625
9046.059821160052
9046.53910986644
9046.858502029861
9047.860765221067
9048.228919072655
9049.215345530021
9050.981522205559
9051.486020445223
9051.52752401805
9053.285392235191
9054.76664338261
9056.011736583607
9056.687282825163
9057.201205387048
9057.21788641096
9057.83748067808
9058.242634992688
9058.50911713603
9058.632681759622
9059.133811674632
9059.430195673054
9059.787744314957
9059.967445829776
9060.968630305704
9061.548950741937
9062.488084348195
9064.583511242521
9065.352214288176
9065.810381208652
9065.993438769228
9066.412906502268
9066.875912983041
9066.917084247003
9066.927691176237
9067.120775983296
9067.316889743335
9067.481299906416
9067.508151227205
9067.738924620353
9068.57494500402
9068.95819780819
9069.794472645695
9070.423663359285
9070.699399844661
9071.61699404764
9072.249635236203
9072.508449872723
9073.083122728927
9073.466794070206
9073.98414792847
9075.204159869647
9075.407966256173
9076.042551570034
9076.247843929688
9076.717095816277
9077.013226590952
9078.163357871226
9078.233942838991
9078.586660231127
9079.490060764912
9080.183511490453
9080.513524416783
9082.939208995764
9083.176973275718
9083.197643948415
9083.637919628582
9084.809222074035
9087.948184136038
9088.41869593602
9088.546856081704
9088.85518883723
9088.934953122798
9089.241739811137
9089.338216174914
9089.38138682619
9089.606747237054
9090.379182442648
9090.647396934552
9090.95230881344
9091.059487791044
9091.210903631634
9091.344374693772
9091.712776797882
9093.128539492443
9093.233269177963
9094.096088358912
9094.362138500874
9095.394030812404
9095.850987871241
9098.500750035195
9098.934306139428
9099.027584896876
9099.667701105252
9100.434406762644
9100.449626557278
9100.863018960337
9102.314575582015
9102.532807960355
9103.604614772974
9103.912836225198
9104.682504001501
9106.60760324796
9106.911355414793
9107.706751951124
9108.919794641366
9109.266287065544
9110.154652338357
9111.401127907971
9111.590051542275
9111.85186483212
9111.890108230451
9112.442659720247
9112.525766205392
9114.511292711857
9115.225242467
9117.003608352828
9117.324181623679
9117.70246429628
9120.984902823557
9121.127271769208
9121.252526017439
9121.465116254936
9122.350622022343
9123.534908368205
9124.344467594263
9124.665316941986
9125.755871889074
9126.335197269384
9126.86558598085
9127.792538686732
9127.825710477215
9128.60878372252
9129.91531402668
9130.005118205458
9130.39956749537
9130.424998367607
9131.793329277445
9132.41938756168
9132.628166063965
9133.720568085238
9134.20806390917
9135.376285025855
9139.448061045407
9140.644467852826
9141.174759038002
9141.351094590314
9141.456970884108
9141.987446399964
9142.96731651025
9143.693891254858
9143.812885597694
9147.081821828804
9147.371649766745
9147.675397310855
9147.993066898136
9149.025127963747
9150.346976511222
9150.710840835962
9151.022882327869
9152.114521808313
9152.772603076746
9154.059934970819
9155.522641100591
9157.506304169681
9158.425250776152
9159.16526260162
9161.331436571418
9161.837453306094
9163.891890492938
9167.964418287645
9168.203297573122
9169.183691798467
9170.953654282961
9171.201449147109
9173.053190139695
9173.197289108453
9176.109965911039
9177.015739997516
9183.191283617914
9190.71102487871
9195.630259005182
9198.475282168287
9206.08484858398
9208.344235913066
9209.031757304645
9221.621803928423
9225.619666087885
9227.355000368212
9263.014606305585
9302.680266334746
