8943.597319476992
8945.225196677058
8953.786030164567
8959.856754684024
8972.801445392106
8974.99031821563
8979.67261675439
8981.088246576439
8985.399997123222
8985.782684780614
8986.046389655407
8991.19160583779
8996.333589689402
8997.738998451721
8998.06921541749
8999.900305643636
9004.057436928017
9011.476413326456
9012.496474509377
9014.439926484889
9014.881270783359
9015.437080805661
9018.282930393478
9023.7691158695
9023.806073731073
9025.435500638916
9025.839685049688
9030.034790339996
9031.770477996004
9033.837045108798
9034.073822609113
9034.500038106866
9034.876823699282
9035.655454215856
9037.811031343314
9040.620646625004
9041.865063403715
9043.275973088543
9046.213090178548
9047.092291777877
9047.130785967236
9047.313188975106
9047.328470494094
9048.855496096487
9049.194676810983
9049.629924464913
9050.256875510928
9050.392823874115
9050.632211748523
9050.911402650607
9051.484341863214
9051.61845913567
9052.617192200147
9054.604890391442
9055.365236347176
9057.61190868813
9057.943519488088
9058.237215872503
9058.938122490328
9060.349445341591
9062.288088537593
9062.33066955557
9062.823477858947
9064.279132966927
9064.44454619021
9064.688121279862
9064.980404906972
9064.992276944855
9065.166439563878
9065.38673830882
9067.873207962626
9069.127456013777
9069.218560513673
9069.394893860495
9071.241429375736
9071.87587664772
9072.03194980052
9072.267776658598
9072.956514455664
9074.21345568553
9074.342743024941
9074.483262916616
9074.514103356933
9075.432603133915
9075.572036063288
9076.09281520984
9077.477289504926
9077.535381681117
9077.84002433588
9079.344568446051
9080.199551053109
9080.993337457268
9081.102038671814
9082.063227310064
9082.67566182988
9083.983974323295
9084.132960239815
9084.5902281048
9086.229995116568
9086.417021060912
9086.47202226378
9087.705043697926
9087.758428877685
9088.574359662223
9089.877762089143
9090.280165147691
9090.437892651677
9091.846118600124
9092.139121540347
9092.185512006177
9092.239032055366
9092.516177961566
9093.809504318364
9093.825789002936
9094.6823877726
9094.740972489926
9095.249685698287
9095.500325172767
9095.580440058873
9095.586321252988
9096.0885279802
9096.408101197916
9096.981189812715
9097.18870949815
9098.351816662593
9098.411700725606
9098.563362419523
9099.198268262699
9099.262959819023
9099.626860610702
9100.441707390144
9100.573589721638
9101.083036798203
9101.344995158728
9102.740420165761
9102.818216564996
9103.063603177401
9103.30995873932
9103.443370944055
9103.880824042199
9104.366309001867
9104.724380874266
9105.035808742128
9105.229331444572
9107.185668345946
9107.327466386774
9108.960576837751
9110.809673654607
9110.856821058618
9111.266514329565
9112.687532403264
9113.268155630685
9113.280531576242
9114.163087824847
9114.701959193131
9114.722755655095
9115.404997016845
9116.53907341323
9117.480785787238
9118.029613717788
9121.248490835802
9121.293236755286
9121.461571328677
9121.641815798963
9122.033295468706
9122.5358272268
9122.859148437345
9123.028796061388
9123.19465049953
9123.656326834012
9123.884185008508
9123.90507221918
9124.0696044417
9124.856700247017
9125.544652407154
9125.862942293827
9126.0203170499
9128.020435516917
9130.475038349745
9130.861452251575
9131.19372063539
9131.252146040268
9131.765983034293
9132.524097874071
9132.916796449443
9132.978800648161
9135.124099003597
9137.036407657759
9137.064358038288
9137.795081390903
9138.192752203548
9138.445371043772
9139.086063736648
9139.492122205698
9141.392172835273
9142.062587858863
9142.439540247042
9142.56138555993
9142.894322387017
9143.444923767765
9143.740774692984
9144.199653493775
9145.125248458302
9147.094188410743
9149.347406767632
9149.378522339754
9149.884370067999
9150.091657446568
9150.159435610907
9150.382411557759
9150.637330430976
9150.82075506598
9151.899635739697
9155.140108780563
9155.322618018614
9156.748263792937
9157.985860403789
9159.188938419955
9159.290860474564
9159.92277665841
9161.274088322773
9164.645284156604
9167.815898547871
9175.441253748113
9176.76758342484
9179.816288878585
9180.026693713104
9180.097624892189
9181.606814932875
9181.933901365323
9183.73613934017
9184.414918434399
9187.79813953876
9190.836457931362
9193.148148345635
9194.243452081057
9194.395596634526
9195.625012766808
9201.72280077789
9203.05934815174
9204.202509639827
9206.224482955517
9206.482030513127
9212.099040246736
9213.62293469812
9215.544553867547
9223.473080653117
9232.550408106032
9233.899369241488
9250.836087303747
