8889.802197088411
8930.136550091265
8936.102288696364
8937.104323675543
8946.001998354903
8951.970271880336
8955.208808412775
8959.25379683241
8961.465318402086
8962.32515847889
8969.554025960913
8970.493493253653
8972.060533812026
8974.751805191307
8977.847675297151
8979.027279101369
8979.114977356036
8982.414954861222
8983.745389084019
8985.384358678702
8987.258516975524
8987.974068323729
8988.649936384043
8988.995724874898
8992.333412616423
8996.447626158917
8998.965997953532
8999.924293799282
9000.82424296817
9006.019118082944
9006.680011512812
9006.816336354252
9006.938408191869
9007.507661520238
9010.127663409101
9012.542475966353
9014.160647334736
9019.738836892515
9020.274943410323
9022.76841614735
9024.509769898781
9024.867431730454
9027.807841468439
9027.915577808079
9027.960646193878
9028.74589923693
9029.972055615835
9030.098044627975
9033.347731881688
9034.510248553175
9034.69428285278
9035.381556298491
9035.76078801829
9037.279244540186
9039.381408758667
9039.678609115195
9040.361773275803
9042.527762559033
9043.500490334776
9044.100549736024
9044.34636213576
9044.870760162989
9046.638130441177
9046.66992174738
9048.798716228024
9049.042490749865
9049.594063241362
9051.43588990518
9052.148029282564
9053.080690968975
9054.953355446662
9055.324592346122
9055.408347606042
9055.680108688373
9057.522541192357
9057.5738400524
9058.296116710304
9058.334987315202
9059.795160514639
9060.116756773043
9061.867783613412
9062.755275175967
9063.455323604714
9063.457789276616
9064.910153502311
9065.1625959589
9065.590855527142
9066.039483767801
9066.142804377798
9068.612304820517
9069.120966746721
9070.167524018818
9070.551632397786
9070.632648110735
9071.018060724675
9071.065918264669
9072.636474724348
9072.902288298554
9073.76559848221
9074.066427393123
9074.14360202229
9074.78343825441
9075.820833040043
9076.150328483729
9076.338190021066
9077.421718139538
9079.595845963937
9080.31648162664
9080.733708789125
9081.469146242349
9083.185786072188
9083.495688759796
9083.570258538353
9083.983546636151
9085.443802280452
9087.869861482339
9087.941992495897
9089.153295132415
9089.982898438977
9091.379000182409
9091.77751717018
9091.814361127139
9092.15426648482
9092.292579392179
9093.155379565593
9093.509164402674
9093.569086828322
9093.6262975778
9094.009607207487
9094.662083853806
9095.096784372363
9095.130191859886
9095.60743654253
9095.614973468353
9096.013311827426
9097.514777508006
9097.561736186219
9097.659573217661
9098.102885820297
9098.350400534366
9098.585749404303
9100.629478760822
9100.955967463191
9100.964036582356
9101.65191945132
9102.627194570072
9102.721836387662
9103.320403503438
9103.9016116051
9105.288103037985
9105.825405664427
9107.425501149777
9107.481812295247
9108.108113604045
9108.75523195578
9111.220631846247
9112.412776277453
9112.638683221108
9113.855879149847
9114.259883725292
9114.55609498312
9114.872146990132
9115.073322897355
9115.51834520407
9116.055667323832
9117.027574372423
9117.814838886668
9118.58496188684
9118.61599998682
9118.748032172187
9118.756094796008
9119.260597098255
9119.507236623143
9119.554368740755
9120.12672356264
9120.879533276282
9121.065967828896
9121.1657419955
9121.786696254103
9122.277738512634
9124.828318967486
9124.919215880389
9127.693281428834
9128.575380618799
9129.084173400495
9131.187973326505
9131.242441541828
9131.25353831148
9132.446066651075
9132.833598081315
9133.711848982111
9133.7485281754
9133.989872270855
9134.595640915484
9135.776736597802
9136.643913824444
9136.84770781191
9137.2335475059
9137.705836130111
9138.629161266572
9139.681101732265
9140.057374877686
9140.09143961623
9141.581997356643
9142.230515414465
9144.888212340538
9147.49091203894
9148.289867112464
9148.917599013845
9149.282809018367
9149.972464786219
9150.260640639015
9150.652702926385
9154.664785348468
9156.087745024912
9156.605136143407
9158.980679647944
9161.058395456972
9161.22061122891
9162.489796001673
9162.966706781117
9163.859568342601
9164.413123127031
9166.243859801461
9168.22370681614
9169.233982869835
9169.421532082493
9171.204454828012
9172.996968305291
9176.083235128694
9181.176999279787
9181.271893118075
9181.942198041414
9182.271661885048
9182.760936166162
9185.395575634404
9198.376195825114
9199.203071805148
9205.463021580672
9206.055453523748
9206.988490299109
9211.002547259848
9211.71237565813
9212.489277393808
9213.028728246243
9220.480586885875
9227.77140044669
9233.251235476335
9250.441524167918
9254.420449584582
