8921.785892797974
8947.545468835446
8950.042164214343
8953.57810122663
8961.795210350352
8962.018820752455
8962.110378264551
8965.54113193461
8979.127918019301
8980.710737228243
8983.134275740284
8984.33674329766
8985.615092079523
8986.459190523745
8990.648318361007
8991.362802252923
8992.767306639507
8993.853329704383
8994.52681400841
8995.743864233873
8996.525861213026
8996.644356300447
8999.796710702944
9000.230876983313
9002.203211498752
9002.449748214976
9003.018823015625
9003.95861074975
9004.622125066848
9007.07370337343
9008.721176746769
9011.783138981235
9012.939470391162
9015.238951826539
9016.209139723482
9018.289564922266
9023.951802493411
9024.652308553706
9024.817891870074
9024.93471998128
9026.858548539416
9028.809265725373
9029.601780859311
9032.908639602416
9033.068831672714
9034.830461678099
9035.904076006129
9037.91212618034
9039.60332757136
9041.078092282525
9042.005952784159
9042.922044453453
9043.389902083838
9044.565220323107
9044.931113151899
9048.119895394058
9048.233222136423
9049.265450522018
9050.543562962579
9050.945606241838
9052.070842044519
9052.794337755175
9052.926309973707
9053.510834823297
9053.840049817638
9053.943703083341
9055.483714719698
9056.02427261144
9058.277493874675
9059.244287859547
9061.495606474815
9063.096415646838
9063.794114413193
9064.958168226318
9065.344784927638
9067.395190896352
9068.09999022595
9068.782086156407
9070.18954571254
9070.707616547592
9071.812196663719
9072.368700800116
9073.039477157205
9074.557032643566
9074.733113090499
9076.387932652164
9076.879517310972
9076.91980574724
9077.30014163554
9078.456132943218
9079.54634459194
9079.575869266022
9079.874506728665
9082.08989278731
9082.882145525171
9083.022740369566
9083.62474450467
9083.75171304323
9083.892008113731
9084.261632513697
9084.982573344494
9085.654528156583
9085.84683147191
9085.89372487485
9086.775921281458
9087.4632359939
9087.769800868846
9088.023763301451
9089.538979119394
9089.591652192476
9089.82023358795
9089.870500764551
9089.958201181329
9090.173959079017
9090.496559064313
9091.04999308539
9091.43430911691
9093.225532381335
9094.338317530091
9094.959510515951
9095.00767414824
9095.260381695041
9095.283069109708
9096.44897487469
9096.518629156884
9096.8316230813
9097.514893280275
9097.66072426387
9097.87854777725
9098.31944483104
9099.746980049678
9100.95503532252
9101.284205793163
9101.745812510359
9101.91928537666
9102.292300858247
9102.334086834615
9103.687032316386
9103.907392091216
9104.646996312476
9105.14731232965
9105.251761631183
9105.494303077332
9106.093959588607
9107.05917889403
9107.91650165049
9108.09394283625
9108.352328917335
9109.07928758696
9109.193188485016
9109.558872216614
9110.189658851432
9111.390418377716
9112.297148725109
9112.850519833284
9113.554232635906
9114.200089367536
9116.441727027044
9117.355812319911
9117.38320107812
9117.442735036317
9118.51569326822
9119.004205124005
9119.126585720478
9119.143778313131
9119.324488262477
9119.639910837743
9120.048236090464
9122.745814618398
9123.187392723177
9124.651324697264
9124.99829230701
9125.688113901251
9126.182350070487
9127.66143747502
9127.942780166935
9128.20727451833
9129.12397524118
9129.877308937552
9129.948956593462
9129.995126265087
9131.514338743318
9132.195387898355
9132.311153013505
9132.85376400823
9133.330054904558
9133.51059802916
9134.21982239058
9134.385328129489
9135.113993866958
9135.27987349686
9137.334228766438
9139.351299325268
9139.668841462832
9139.727296450226
9139.925398087977
9140.992418821945
9141.852485573658
9146.101951856961
9146.974426508214
9147.142820241357
9149.49055513227
9149.85837822738
9155.463430795075
9155.844999769115
9156.702915582386
9156.707302544435
9156.895779449173
9158.16923086809
9158.238317685318
9159.526614262619
9159.647531242374
9159.887289779566
9160.18913151029
9160.697389644294
9162.881266826247
9164.107713565647
9164.414630696761
9166.638058865163
9168.077392628784
9169.853118075986
9170.222109575248
9171.772226973608
9171.953519930303
9172.522205967956
9177.738290259309
9179.805019059519
9181.009142093779
9181.610017421543
9182.134675800975
9183.112944423337
9183.409607605177
9186.055642265395
9186.547177395954
9187.457128532636
9188.301669461844
9188.39664777044
9193.42379661007
9194.41302443216
9194.905781029298
9196.536129069473
9197.854884828797
9201.701674547467
9202.531887465439
9209.943104349291
9210.822836388332
9212.230324448517
9220.359803464084
9225.921575971946
9244.1680717836
