6803.751040058119
6856.230795810714
6858.17299516358
6858.62792668762
6900.917279912634
6902.187110820288
6908.532256116755
6925.614347523483
6927.993884784017
6931.14826646119
6932.759944864216
6942.218451639127
6944.044327507412
6954.626890916257
6965.971625236074
6967.607629241333
6969.457976043863
6970.83033392239
6976.125832360306
6976.859888722304
6978.062444964247
6982.40053743727
6984.232166259813
6987.486116120418
6990.1423344110235
6991.213282153331
6995.523604322154
6998.844837684862
7006.6806749007565
7009.511417145679
7017.277240113085
7020.389987374798
7020.985411499832
7021.46188745446
7022.0212303579365
7023.034581538088
7024.29518330743
7025.455558388338
7029.676688815158
7030.6496144121575
7030.946941284009
7040.191035002975
7042.405573241314
7044.119898714848
7047.207096489841
7048.859733537601
7049.685426548458
7051.008267279122
7051.976293955865
7054.069675551097
7055.177265349837
7056.350786868101
7058.31592161162
7058.860161942594
7061.69566197188
7061.777993798597
7062.710080393759
7063.010229653185
7064.12411572096
7064.3451874943685
7064.988718261134
7066.243119931748
7067.855035770463
7070.251523729968
7071.800599556655
7072.855411444637
7072.941717705354
7075.111215779875
7077.935366916179
7078.940982119534
7079.228266546644
7079.7933652317115
7081.3134463350325
7083.024434628601
7085.929033695688
7089.657675061121
7089.952550305751
7090.789374250134
7093.194957608191
7093.686677375948
7094.10008467785
7095.530897732294
7095.6265170085635
7095.6272243866215
7097.424114786481
7099.8607793463625
7100.34052077694
7101.648944517824
7101.762733864396
7103.02577529836
7103.102675282668
7103.340410585362
7103.440139819884
7103.627143768529
7103.645466525764
7104.5815928840675
7107.733633291212
7110.617764861954
7111.704371536123
7114.557682840739
7115.9979232551
7116.5938883489225
7116.992304345345
7118.46168490083
7119.551380781871
7120.999722246955
7125.490518060339
7126.309243031071
7126.51517044908
7126.928156646275
7127.52162005983
7128.233523737867
7128.378388667809
7128.403001284138
7128.9038829652945
7130.474553836192
7133.18356796499
7133.3524341317825
7135.885489438989
7138.097570005284
7139.12718754739
7139.423855108688
7141.1745410807
7143.025949082169
7143.423181276278
7144.666329306785
7149.990924689062
7155.224351066999
7155.380264742446
7156.943370604175
7158.5041555691105
7161.0707303123345
7163.574752741875
7164.587636107522
7164.665945699002
7166.022726218499
7168.820190611101
7169.022658363778
7169.399062745688
7169.74775238945
7170.6579569298465
7177.082845363808
7177.312902296619
7179.024597276621
7179.446369167645
7180.023602503259
7180.336520580753
7182.1864706626075
7182.62070477981
7187.182223878424
7187.607864482313
7188.184235702631
7189.782570476976
7190.209374505245
7195.343979587312
7199.530810156303
7200.094876377922
7201.41241712888
7203.468898607369
7203.840744946254
7203.930854803635
7204.637162271021
7206.276766127607
7210.427321842153
7211.178996666265
7212.08950957039
7213.184902095727
7213.702029769091
7216.828771887518
7217.77910389896
7217.824041465703
7218.303114341058
7219.884626834788
7220.997314339943
7221.733819393313
7221.786592438338
7222.622091298711
7223.120532221093
7225.165042415958
7226.2602413006725
7226.911795038902
7229.649078522531
7230.97400189918
7231.847842517713
7236.768684503857
7240.627100941
7241.197979590845
7241.516257939486
7246.604945954811
7251.855663556189
7253.282620397477
7258.786913950767
7259.724665045722
7259.924316701732
7261.053432054427
7261.063183021542
7262.892105562169
7264.1123252559155
7264.8866404423225
7267.14481593189
7267.658970356181
7269.1487895544915
7269.924164811152
7274.3371799659135
7275.697913203272
7276.2779103980165
7278.77068464899
7281.476003241575
7283.244808720912
7286.416584860221
7288.0383869299885
7293.141120508194
7294.6102423566135
7302.0077299954755
7305.401716699469
7305.427733280787
7309.765126565237
7309.906208094771
7312.226954168487
7312.3168364816165
7320.778879528806
7322.683526261251
7323.517219688543
7325.536701437928
7325.841947058441
7326.992998183343
7337.676187445147
7346.766002913459
7352.92013628985
7361.249319361052
7362.630280891142
7363.916756580581
7365.38003144033
7368.418894842323
7373.529767406168
7373.641902090061
7378.642983182677
7383.431304821049
7389.666503954824
7394.536317796997
7398.929761998026
7403.394958563001
7407.397844722609
7410.62999011501
7411.962041950448
7412.565310559712
7420.697929934087
7421.500704242117
7435.459695244362
7484.547417694822
