6876.819251769871
6907.106659577839
6918.915515430033
6926.492880938945
6929.399472303138
6935.973351517115
6937.397254692966
6946.997273109878
6947.321622698362
6951.152486154492
6962.915981447321
6964.140462436706
6964.887164914436
6973.686286889437
6975.411967424487
6977.023058782603
6977.442806096198
6978.647054186305
6983.001201441726
6983.734138316208
6987.9446673368775
6988.248327102113
6991.928385962386
6994.140946671224
6999.549043861951
7000.257410744913
7003.371780778348
7011.815758405004
7013.077798782086
7014.6570166962265
7016.0263197548675
7023.199688229241
7023.413742620787
7023.72462456718
7027.352613635841
7029.2403059856
7029.7176046836385
7031.036697693932
7032.1476365615745
7033.205346265469
7034.442696257577
7038.304130642851
7042.574831905562
7043.681449200534
7044.696602498893
7048.093540602107
7049.195775469857
7049.450525402554
7052.048390447854
7052.374874919545
7053.07918114182
7054.73025088987
7055.000230901441
7056.841463312937
7059.468558742702
7059.484885677041
7059.761492501706
7059.932686924883
7060.561460688983
7061.91924649723
7064.587944069165
7067.190216957971
7070.078931198035
7078.126200697966
7080.347247459339
7080.799637168478
7081.786274287678
7083.500576118546
7091.810898143585
7096.619952281393
7098.828713018264
7098.861936653554
7099.5629468889365
7100.276110021939
7100.3302479121285
7101.145210126359
7101.710638536412
7103.470497447078
7103.69572283898
7104.761808710452
7105.139295620472
7105.990996163643
7107.009535238816
7108.1361299052405
7108.528511503476
7109.057066727408
7110.528858861113
7110.6837814606815
7112.00811900967
7112.7864934917
7114.003042965706
7114.013344337259
7114.821480040194
7115.278101596589
7119.678586621001
7123.413165570476
7126.232359029436
7126.623763603665
7126.6552398858485
7126.965664235095
7129.256681622135
7129.439679414375
7129.619647214168
7129.84213778581
7131.498994886465
7132.381933729309
7132.978221827322
7134.147318531844
7136.133788419406
7136.40407950561
7139.487499392309
7142.857392121102
7143.094770820107
7143.19617974558
7148.6390540882285
7150.0516263224345
7152.84945944171
7154.17888104894
7154.708686693418
7157.311495401733
7158.516683166891
7158.633287146652
7158.919154352106
7160.67565471747
7161.920334856153
7163.033913919157
7163.148115220239
7163.463566604478
7164.651631030734
7166.916149937755
7167.254939039055
7167.517094309883
7168.929754774062
7173.360589407867
7174.042473499192
7174.375387166958
7174.739702511352
7175.214420894479
7178.085000107011
7180.119901523986
7181.393445580506
7182.338840305861
7183.3748481535495
7183.39320802059
7185.690647032632
7185.813840822541
7186.003114989308
7187.857032469126
7188.0670256558005
7189.631944462027
7189.828679456238
7190.231180529628
7193.474830365535
7194.885532462442
7195.818959390045
7195.946165239968
7196.1013149547125
7197.5817963884
7200.392030230567
7200.599976569769
7200.748915661395
7201.400709571434
7201.4487038716225
7202.852301345952
7204.023203018365
7204.839519938949
7206.533981357796
7206.564841287784
7207.861027542615
7207.905237308537
7210.057561743503
7211.787030395034
7212.189771151182
7213.792611059941
7214.823024981431
7217.048642331566
7217.265633591642
7217.64125243095
7220.430832570103
7221.63621357996
7228.659503724907
7228.79187946479
7229.159809398279
7229.651807182867
7231.262350400668
7232.137484432247
7232.3253579653965
7234.539458903602
7236.46097122029
7237.197345845728
7237.48193633253
7237.502174408017
7239.892017577524
7240.49328832863
7243.805155748607
7244.790293945281
7244.846760173181
7248.371191713255
7255.459919498595
7256.8174093213465
7258.492316362306
7260.094263909442
7260.598326917152
7260.73352763547
7262.659435312138
7263.158180706014
7267.537076654146
7267.9377408123155
7268.972840424941
7270.745760433087
7274.011272697353
7276.78361159152
7277.010350480679
7278.363975635629
7279.5312072495135
7280.413129309267
7280.818280609071
7283.782661311667
7284.5538755703665
7286.541246545796
7290.643913308365
7292.987254404726
7297.206720014621
7300.04821170068
7302.679874038992
7302.767020042162
7304.5246080512115
7305.627479945969
7308.371270749702
7311.242596731423
7311.509430398357
7311.6117862719275
7315.3002012262405
7316.444471898993
7318.405879579737
7320.923944326015
7327.277801210653
7336.7388139971035
7336.886185323862
7340.126549491425
7341.796048919881
7342.51772583506
7354.677831836324
7358.081446135572
7366.062274216657
7385.325435394797
7385.402763146307
7433.340899344215
7482.338175398426
7563.345222838069
