6830.053801265528
6899.062687178272
6916.517505187474
6919.171110826569
6935.192230770081
6938.181065614621
6942.021656812227
6943.925458774107
6946.9892173915405
6963.949223432555
6965.403579939431
6966.6613314517335
6967.1076923356295
6969.224457622305
6973.0381722503635
6973.960666419298
6975.818510433435
6980.724398231995
6984.763132983778
6986.279524405665
6987.282482421694
6992.711740015853
6994.34401509817
6995.449701062427
6996.850416785574
7001.182554823018
7001.871200086602
7004.301775533058
7006.921600757147
7009.19096473213
7009.93740866264
7013.769706553776
7019.541168766394
7020.406150661762
7022.870720310859
7022.9935683827325
7023.593630243733
7024.534662702746
7025.247131155074
7025.925429390327
7028.034080480345
7028.205931312326
7028.520708711942
7029.9167442258895
7030.364879867723
7031.0951230757155
7034.207925032515
7035.814748054809
7036.710543185505
7042.521054076176
7044.750728256064
7046.296047577843
7049.345202785388
7049.67976056136
7049.680946852063
7050.331452240546
7050.474015761089
7053.990700117277
7054.047972976215
7055.820808660211
7056.250479242853
7063.340083766138
7063.841886759495
7065.113187194217
7065.7585854743365
7072.245850323025
7074.692800356638
7082.058662871946
7083.113915827685
7086.136680544984
7086.5619151492365
7089.2021694540135
7089.474275586436
7095.217405338011
7095.881625234546
7096.7948816584385
7098.242397570166
7098.656702682249
7099.868208437154
7103.486073159999
7105.604652681854
7106.444977298997
7108.487012934834
7110.997168159698
7112.42142830612
7114.135735064577
7115.11706724385
7115.643534053561
7117.729473870662
7119.641263555299
7119.942561474012
7120.778436900222
7121.368561424271
7122.504257976951
7124.709192112898
7124.992456274487
7127.924044062174
7129.03777826757
7129.690648797546
7131.146892921593
7132.015748364678
7136.468431258454
7139.396324018389
7139.508649315117
7140.402336889056
7141.459181319785
7142.424293106608
7143.135180897272
7143.596417312348
7145.002619286093
7145.724365532742
7146.237065763028
7147.865112779446
7148.3875764645245
7150.708481563272
7151.53616351644
7151.97307537575
7152.39160868948
7154.322404744488
7154.983396093042
7155.244262979947
7156.835976465991
7156.932300022519
7159.343655693672
7161.123937180856
7163.022881523398
7164.500937518171
7166.588640749437
7167.102102037384
7167.380103532081
7167.7637562598775
7169.9245087895715
7170.133642783586
7170.308419049301
7172.823143706477
7173.925154823026
7175.119885948355
7175.199965603513
7175.733432119824
7176.252024688962
7178.6646005156135
7178.935219839638
7179.88418236162
7180.149539884257
7180.1998328585605
7181.727976435923
7182.885068151105
7182.897945510547
7185.49845864501
7187.3439432843115
7189.618190411308
7191.577463125627
7196.993103342885
7197.278841468471
7200.061859325993
7202.7326103417345
7204.426363553017
7204.963829186
7206.61424633559
7207.677704275054
7207.859211775778
7208.316786545179
7208.565567314216
7212.420623447988
7216.949018629098
7218.476018909597
7218.805394238161
7219.000522081824
7219.023344346065
7219.764093143507
7223.837416910793
7223.956182490745
7224.384359647861
7225.958125623881
7226.6137388827665
7229.017200136878
7229.320271147023
7229.905643725208
7233.072031112928
7234.4464655714555
7235.308376310587
7239.1973236216645
7239.869352123761
7240.12829204976
7243.154718133762
7246.154253014884
7246.689073235837
7248.633951499276
7250.8841186808095
7252.816099003942
7254.1309157794385
7255.364229119411
7256.707844570974
7258.796160393684
7262.81375863248
7263.065028692768
7263.409860619927
7265.8659747822385
7267.708838434721
7271.287992365172
7271.85171844533
7274.352450999713
7275.780878467904
7276.308926202414
7280.571567928398
7281.220100497474
7281.779627421015
7283.325736902562
7284.3174444805545
7286.010393578836
7287.189774745729
7287.858456922653
7287.91410849877
7290.231063095759
7291.371530439222
7294.512979924984
7295.684527783746
7297.276858003884
7297.547215516
7301.208235879481
7304.067861818273
7307.948483315847
7308.039093168868
7309.248463948243
7312.817506802642
7314.73579175803
7317.974848012514
7323.989804280524
7327.465369813808
7328.747817456697
7342.348496332365
7342.389636438131
7344.983004415434
7347.6521754197565
7363.026962217521
7368.305638358261
7369.177998352242
7369.428752581816
7370.388594305598
7384.212406198422
7387.092420890022
7397.032163443119
7401.461630838991
7405.010154973074
7423.666167121655
7435.513226056634
7440.599834806247
7456.6949642169675
7493.274789255249
7578.975305521495
