6850.933212102706
6853.4991935975895
6859.773045717186
6874.5587402664005
6880.051524447006
6884.731556191341
6892.6052472452675
6894.9731413594645
6902.655678165878
6923.202053111386
6923.683865259267
6925.140109278694
6929.546532203863
6932.047616267821
6936.296362154038
6942.422606999912
6961.203878032296
6963.561608574909
6964.602972081059
6976.773299547455
6978.516283288033
6981.535219104432
6982.996314130081
6987.775874454098
6988.593401295881
6988.718176652222
7004.181538452317
7005.122536366415
7008.121317299031
7010.351024352351
7015.008116251953
7015.781391405446
7016.725699637292
7022.32551476079
7024.33537011115
7025.318172666133
7029.866469855202
7031.837053736164
7032.727427420573
7033.447398156847
7041.164472483124
7041.894183233453
7043.62630549905
7045.775678826756
7049.50867507213
7056.946392942874
7057.0668065004365
7057.1001780468705
7060.70196350605
7062.735475243192
7063.173617525009
7068.306785542954
7068.608939513647
7070.6557212811285
7070.913802746267
7075.885643075342
7076.705989434455
7078.954006355802
7079.591931398147
7081.1890843881665
7081.217493315133
7082.337724846485
7082.708862912853
7086.29034675257
7086.508979389358
7086.718185820679
7086.935631908989
7086.977341244904
7090.238133867276
7092.0930377235645
7092.5596518756665
7094.954879496595
7095.844505912527
7097.26646446346
7100.08975704332
7101.168455574352
7102.725429169516
7102.960456760984
7106.906263766782
7107.499233475774
7109.18032383342
7109.436393926694
7109.527739545912
7110.6636379049605
7116.666341882724
7116.671357974623
7117.71263946232
7119.417829774916
7119.458244493509
7122.499861864991
7122.829699543028
7122.938991617103
7124.659549995001
7126.016395596223
7127.1448479588935
7127.668639749166
7129.474605886209
7130.799397104874
7131.002685109131
7131.844212288155
7131.860645549209
7135.475162887832
7138.270328985778
7140.747815468368
7145.780417476962
7146.778042104681
7147.19268558711
7147.947306958986
7148.021010926258
7148.811163793958
7149.264387408549
7149.268571657623
7152.613979380809
7153.139356679721
7153.5149872944985
7153.5770800381015
7154.311511924057
7156.3872270712545
7157.54134873474
7157.8455022656135
7158.225883717944
7159.133909635962
7159.575251378988
7159.592796524313
7164.186836173933
7165.650096480652
7166.479800209477
7167.300938986549
7168.121362578639
7168.973088877299
7170.018249910737
7170.340324742987
7171.204573812165
7172.940108352996
7173.008809330341
7174.032071641794
7174.929073836381
7175.330412124749
7178.487407367376
7179.398718216296
7179.6382729635125
7181.894762475429
7183.222214088996
7183.307900128041
7184.264195111985
7185.66065228923
7186.345245807237
7188.608326318041
7190.132645214437
7190.259345249711
7191.431920793572
7191.685871724351
7192.519904227461
7193.060766897469
7194.239547568054
7194.866621594351
7195.772057411924
7196.899372260836
7196.98708780221
7197.0395496240235
7197.397104109722
7197.762007615718
7198.5250045233515
7200.063821433718
7202.163715857476
7202.357087754379
7202.637328852881
7203.166373533183
7204.47575942866
7205.936001408659
7206.404134537404
7207.345153327265
7210.4204977944455
7214.049167770782
7214.087789995243
7218.598965612636
7218.627523544166
7218.857093817232
7218.8609494138755
7220.907628338124
7221.506494868171
7223.0494838741315
7223.2199797192125
7225.271329912835
7227.323314766605
7227.941437937714
7228.584077682911
7230.156078491698
7236.063024885007
7237.8589509913245
7239.536307380155
7240.5209625289535
7241.051068938163
7244.646142855236
7245.202615577893
7246.0862072350965
7246.238015940117
7248.32536394015
7249.418125562435
7249.555107385701
7250.463228237333
7251.644110518775
7252.66280827438
7253.192166219697
7256.004891089776
7259.369369932257
7262.487732936415
7264.497655321968
7267.408600658553
7268.450130479587
7269.6343243208075
7274.2718293294565
7274.363095728776
7274.940904081577
7277.109049168507
7279.501180005329
7279.761350744245
7282.047609309661
7282.3753768846145
7284.575016140923
7286.966617217185
7288.039825712979
7289.591318182989
7294.086256331943
7294.605541928695
7302.367501778232
7303.71480603963
7308.313455776325
7314.668635862173
7316.276504189089
7325.274978074372
7329.269477519375
7331.222928056467
7336.227103392141
7337.167593225482
7337.526738026036
7339.617825564088
7342.423299976988
7342.4269414324945
7346.814445077957
7346.912088632099
7353.574441446176
7353.695959705926
7356.727644265697
7360.645543188709
7382.73768787618
7383.849475729513
7388.4050069818195
7406.351813595921
7463.169673768435
