Percentile: 1
Percentile: 1
Percentile: 1
Percentile: 1
6758.090732207707
6776.473369922908
6827.3339350634815
6827.7901118659265
6839.044176255415
6845.510914885163
6848.532047851745
6863.769724844691
6871.3075741412795
6878.507034206857
6883.060600545185
6893.995210075827
6901.417693176938
6903.938757988716
6907.857746074195
6910.033426619739
6912.522144810794
6915.298623923643
6919.740367969447
6921.495853645871
6923.088826870638
6925.748488063275
6928.677790069556
6929.858445884088
6930.493510935052
6931.669943646426
6931.758495798228
6932.0509245089825
6933.797688949399
6934.960450632628
6935.634590023861
6939.261747800035
6944.256564211674
6947.161677503183
6947.537667108545
6947.640207697921
6947.90625495008
6949.403523365216
6949.75957033131
6951.108549385986
6951.48789509068
6954.542706770599
6957.220671506693
6957.684176515501
6958.776858282439
6959.234705108899
6961.607185355835
6962.662834720481
6964.929239018554
6964.974919453261
6968.63246809822
6970.038214832785
6970.983570164751
6971.31057141995
6971.519112699784
6972.020491428111
6973.687144990554
6974.095329542111
6974.682291989795
6975.266233913389
6979.0676933684645
6980.529407951771
6981.117355393231
6982.89720539832
6983.506983998544
6984.041923648365
6984.108149331646
6984.895777808495
6985.649826716443
6989.185249041623
6989.371252883084
6989.848637137456
6990.090159954836
6990.202883018259
6990.9559131565775
6992.489932259203
6992.50357700243
6994.734962802624
6995.674095783008
6995.740674975637
6996.929049425588
6997.716316209077
6998.589984474474
6999.044293478609
6999.47650680441
6999.981155043913
7000.1649067215685
7000.770254850469
7001.833080036771
7003.280028367459
7003.57446408459
7005.719817903035
7005.844723466795
7006.095837694112
7006.623690922112
7006.658775382005
7007.105342415618
7007.133509506958
7008.157508188019
7008.35837111889
7008.439655167516
7008.509657424398
7009.04490340658
7009.425899454933
7009.921353819136
7010.38790654542
7010.396349030938
7013.6425151126905
7014.198230872035
7014.258585802078
7014.421126908796
7014.574540909147
7014.601464879181
7014.694573970613
7015.939554435524
7017.550779523278
7017.803200013108
7018.5496025720595
7018.841285272544
7019.003790085265
7020.708904666695
7021.104500728989
7021.538239073381
7022.967173041062
7023.15440673907
7023.299213127873
7023.433513823308
7023.679173402508
7024.807361546738
7025.616221508288
7026.410753443192
7026.4983948600775
7027.029668132352
7027.1180197698795
7027.290058212761
7027.786010999889
7027.821073880066
7027.881078156586
7028.784032659514
7028.874902547743
7029.897258259044
7030.806091971628
7032.267380059551
7032.550334842084
7034.847957588461
7035.196053485398
7036.251063851672
7037.580492758792
7037.90967007774
7038.169757993612
7039.186352423807
7039.327839362869
7039.477399155551
7040.300216700221
7041.474430304946
7042.011663034473
7042.221618644124
7043.306344404673
7043.814220960535
7045.281467934162
7045.292122790468
7045.458916425906
7047.065777845023
7047.371372619112
7047.869925674195
7047.887198482329
7047.951280007784
7048.224617091269
7048.428933616276
7048.510682384724
7049.021286375658
7049.782695065154
7050.723239432819
7051.135294943603
7051.3633051505185
7052.020722204113
7052.769703846582
7052.843561498746
7053.023563142547
7053.20016957635
7053.686424010481
7053.963734933876
7054.277227530423
7055.237428135976
7055.259225600706
7055.334123174882
7055.486983446965
7056.438389244165
7057.130677970326
7057.2907721756455
7057.375491124244
7057.602664186841
7058.079118259481
7058.8634100830395
7059.269161256624
7059.328009173264
7059.427600542903
7059.603098104876
7060.153911919544
7060.681440250114
7061.917589658061
7062.008240234997
7062.106539035861
7062.378373900991
7062.393939925185
7062.452139102481
7062.8532784417985
7063.063408243442
7063.626241830967
7063.707835179815
7064.01235829574
7064.6364213496
7064.8410507748395
7064.945980232026
7065.0574095776365
7065.164468846429
7065.2950270344945
7065.410810560533
7065.429340116933
7065.767392071315
7065.8414526477245
7066.192104212217
7067.439294688334
7067.593221870372
7068.373159256727
7069.372031105138
7069.724072131105
7069.767374532622
7070.0893509066045
7070.60257461176
7070.6444081246145
7071.145736346284
7071.154026288957
7072.023290926824
7072.4825154024065
7072.602690614879
7072.952146240403
7073.824872729175
7074.476154679956
7075.141263679976
7075.170918844371
7076.820418776925
7077.172436525819
7077.255790466815
7078.4481239462375
7078.501604536467
7079.254513216143
7079.2944666180165
7079.369469116897
7079.582632302205
7080.203692763404
7080.555530111349
7080.768088131021
7080.929934674549
7081.163035909423
7081.196530723
7081.31294544319
7081.622958409879
7082.179253265134
7082.2924407609635
7082.630472114864
7082.696236605978
7083.830125000054
7083.8861079425515
7083.903428485303
7084.2575894799975
7084.264876470075
7084.6590732113955
7085.600983161494
7085.660160616409
7085.774777756959
7086.0484643153195
7086.060862143506
7086.113180898187
7086.434460317488
7086.892107269576
7086.917181250886
7087.247598211219
7087.436144858391
7088.59689060289
7088.602546565785
7088.982898179063
7089.154237245015
7089.49680918878
7089.610004272754
7090.026095424872
7090.913028929412
7091.1097278159305
7091.312901113411
7091.674821988132
7092.08572772746
7092.2629565212255
7092.477289291037
7092.762124817484
7093.167736361405
7093.310957901089
7093.940614447327
7094.036799595385
7094.255497733998
7094.276582006834
7094.605715499163
7094.746182408213
7095.067482192383
7095.295843358479
7095.419121407479
7095.548781066998
7095.796914116334
7095.873455127054
7095.918637173173
7096.149784882024
7096.570063579702
7097.288347299607
7097.436843617942
7098.153340655856
7098.217787047502
7098.9284081295455
7099.157310790654
7099.3449366289115
7099.5742171268375
7099.69124608047
7099.69733106109
7099.743478201697
7099.8358799273055
7100.2801356983555
7100.429987440758
7100.493439443456
7100.796613721974
7101.434000947432
7101.536150010364
7101.814739965841
7101.946455560447
7102.427124078815
7102.6416929068355
7102.685811380313
7103.056001040725
7103.067309784805
7103.139849698648
7103.1513385959715
7103.256553892707
7103.256566810218
7103.346294035259
7103.730071879539
7103.890252237006
7104.234868710785
7104.258120069843
7104.411437443758
7104.452008248722
7104.876753549031
7105.031054600975
7105.178383654638
7105.204936323987
7105.804611887
7107.922651798013
7108.073836001697
7108.191257881056
7108.222187965652
7108.246816137563
7108.272599526791
7108.3032773884515
7108.665214851069
7109.557511892871
7109.721660252982
7109.818972505405
7109.958014194334
7109.982529719859
7110.074082486572
7110.45842973155
7110.601546568955
7111.399347509095
7111.61770189433
7111.827572388643
7112.031845871645
7112.126077272005
7112.937703386701
7113.580385840876
7114.272031350597
7114.706352667986
7114.784738383084
7115.048126941122
7115.097226975927
7115.417659327093
7116.1794883613775
7116.36865091804
7116.740882574809
7116.871720724471
7117.051785685772
7117.117815009647
7117.364308049617
7117.756978818696
7117.803848712408
7118.015440012203
7118.271214294668
7118.646810323337
7118.67565138785
7118.8155277308615
7119.524938684134
7119.5390809346745
7119.588765822445
7119.6049577682425
7119.973524253761
7120.330841333932
7120.508089316769
7120.780917009676
7121.270453445819
7122.212505153182
7122.312572680558
7122.351618182546
7122.553218772007
7122.642541644984
7122.65494733397
7122.928645482522
7122.9483420558045
7123.357173647493
7123.577720902372
7123.914632237052
7124.322827699234
7124.924171501625
7124.960074000919
7125.219086347017
7125.802161911774
7126.566482934921
7126.582947194037
7126.64168377568
7127.54219346455
7127.636464907613
7127.758316539333
7127.80523532968
7128.029800677819
7128.069411558305
7128.4659285352645
7128.720776920508
7129.559632361765
7129.660052168917
7129.666892374116
7129.886737706281
7129.944872146182
7129.961671885533
7130.090812899504
7130.251696171398
7130.93079688007
7131.299311012373
7131.8981959777675
7132.279759494957
7132.37523299428
7132.581022874773
7132.788170119015
7132.849058598646
7133.051738305509
7133.082678080027
7133.8289806992325
7133.916474202917
7134.232279528591
7134.469575466584
7134.574641336228
7134.833744778361
7134.959202325661
7135.422537529593
7135.433353788539
7135.876136916634
7136.521239934058
7136.63509602996
7137.351767353275
7137.687424756256
7137.890741660242
7137.914967851212
7138.025753942006
7138.750608469017
7139.187289988404
7139.4994158653335
7139.554810051402
7139.85862571537
7140.214205832722
7140.3301346814405
7140.49089541403
7140.666441730675
7140.740399782534
7140.898736463298
7141.078007515224
7141.872244664162
7141.896207868904
7142.9163150835275
7143.20281189746
7143.382147788675
7143.418281028765
7144.283967033558
7144.469855975745
7145.029142662966
7145.200523122713
7145.466559394301
7145.529647035186
7145.5759691068815
7145.782084180259
7145.7915363125885
7146.231143278966
7146.791180066807
7147.013748380928
7147.246618587971
7147.302702507793
7147.878865074397
7148.94852304362
7149.423304797054
7149.547578866598
7149.986698542737
7150.078798390493
7150.196462456541
7150.342446488324
7151.760546004085
7151.772891329105
7151.895979465908
7152.481295763837
7154.172543773599
7154.485711612745
7154.497954734953
7154.695932734342
7155.278060649689
7155.54467647241
7155.7261646579045
7155.877102869966
7155.892359051533
7156.018739208581
7156.519909565587
7156.563270485065
7156.8958348007445
7157.28648656529
7157.311578486898
7157.5908286158965
7157.608925461038
7158.105371774383
7158.244058387827
7158.410852933331
7158.541556622409
7158.83168198731
7159.465896806328
7159.653663697077
7160.022170286965
7160.103986951349
7160.930874884006
7161.675430304043
7162.22994250064
7162.4944827037425
7163.020265924467
7163.194482346996
7163.377681901454
7163.870167395678
7164.486730984738
7165.551491507643
7168.0427373938455
7168.336881469031
7168.640521166794
7168.715889467498
7168.799999508222
7168.8980720987165
7169.024630331629
7169.112928350208
7169.177733777784
7169.643418254755
7169.6549916991025
7169.763657036475
7169.896510236456
7169.923592119606
7170.315761560759
7170.342233433538
7170.349774878938
7170.65372630769
7171.2239839891035
7172.3341318393295
7173.143032713676
7173.4997966896035
7173.590135142145
7174.216416131717
7174.610124642774
7174.81019460609
7175.462508165275
7175.729064586176
7175.838229886199
7175.972973345326
7176.162407062296
7176.635885716774
7177.172694422741
7177.178626900633
7177.356685790546
7177.438958080386
7177.7335587248635
7177.960337633047
7177.969051994654
7178.49588584648
7178.740606601234
7178.800768278487
7178.999947150193
7179.653233610577
7180.572580073834
7180.645073280872
7181.232826707134
7181.427386150324
7181.5900206206115
7181.611105518165
7182.436609007272
7182.67450287264
7184.131346187891
7184.845994991037
7185.137225645389
7185.212012649522
7185.3909963253245
7185.58348398595
7186.5100185101355
7186.601725128615
7186.878031256617
7186.947408805656
7187.4147023878
7187.536377722008
7187.574452006495
7187.615231249609
7187.770487999903
7187.9369216331215
7187.963149508795
7188.07604157864
7188.277701386217
7188.507877875717
7188.815758743253
7189.542579182312
7189.696560391042
7189.727380525821
7189.855566922144
7190.364121383488
7190.374076009003
7191.056817170108
7191.3409085013045
7191.760617803748
7191.777775836602
7191.825619082607
7192.0610130599
7192.167267761248
7192.195639225737
7192.464706307435
7192.998656393897
7194.013412294106
7194.020869001576
7194.110206100611
7194.6138446234045
7196.100450098428
7196.227756490472
7196.6130475096315
7197.334128998748
7197.746460565239
7199.062211452631
7199.4778668865565
7199.9134730569995
7200.061978235355
7200.190264961828
7200.439043575056
7201.051498437537
7201.101565301574
7201.350742277968
7201.8441191116435
7202.125729311475
7202.629697407386
7202.689609509244
7203.681873980673
7203.715213737136
7203.9504703808625
7203.9797249658905
7204.228856325973
7204.821973794035
7204.903913321852
7205.296614224356
7205.549076606516
7205.574377446309
7205.6665268672195
7207.02143661201
7207.391268468198
7207.563923247541
7208.954812004557
7209.172167238644
7209.296572151286
7209.375653823508
7211.045255291357
7212.7052181953
7213.115259999249
7213.57037065521
7213.855157798021
7214.430793647561
7214.632981255171
7214.697804769123
7214.751510036722
7214.9106172208885
7215.144247218931
7215.572308891805
7215.814742989017
7215.913907494127
7217.090187560788
7217.8026280436425
7218.229442520328
7218.696983866482
7218.698548550139
7218.747504120763
7218.8260231039185
7219.338325662178
7219.888980852863
7221.318740807774
7221.420588542733
7222.055269538904
7222.146327046491
7222.3118194715735
7222.444110092888
7222.880576486637
7223.039571633564
7223.0600998913205
7223.643650365419
7224.226479186906
7224.23626730241
7224.841352896547
7224.956567330756
7225.088622033438
7226.65511364879
7226.716663145333
7227.05046388051
7228.5137107601695
7228.591492065686
7228.769427545232
7228.885643040294
7229.016855580286
7229.530882258953
7229.579213835356
7230.253895102005
7231.523784599718
7232.076021686186
7232.270482613538
7232.449973448086
7233.068590194266
7233.512337882572
7233.634718220239
7233.738474211857
7233.796030701648
7234.065488208685
7235.402532963449
7235.876805703924
7235.948489248944
7236.382317881279
7236.899986086992
7237.01717983579
7237.245853112863
7237.274602035644
7238.502068099388
7240.572997959153
7241.27919836267
7241.280224411387
7241.439497672713
7242.840631441802
7244.263592414484
7244.573445305471
7244.725708657396
7244.9457573890395
7245.176202361113
7245.365731479993
7246.05428278681
7246.07013064544
7246.239634296523
7246.742583949485
7246.790240385273
7247.351770145446
7247.625459535799
7248.257774889327
7249.040572177188
7249.135195813135
7249.999917969207
7250.17135957779
7250.306396385577
7250.580174939431
7251.356168273139
7251.357652634063
7251.519443245593
7251.847453397536
7251.866519151103
7252.150807428209
7253.374016700744
7253.761606382323
7254.5669782041105
7255.027989014114
7255.245930619477
7255.457864764788
7255.574490893496
7255.592831451599
7256.2534839416385
7256.545240844195
7256.576834989421
7257.705793455853
7257.8478127399185
7257.994609784504
7258.283547642869
7258.798335544025
7259.326905181838
7259.571925971707
7260.417847813353
7260.448093479257
7261.04904050712
7261.4169967496455
7261.842481126257
7262.468754305241
7263.281889408755
7263.897563878617
7263.993631911792
7264.314818105492
7265.389497079774
7265.488838096276
7265.523594935824
7265.6085101412455
7265.761496798921
7265.902578962008
7266.176290795707
7266.246584811561
7267.157243706346
7267.232570594898
7267.760090413252
7268.033191618902
7268.059554132666
7270.08099884372
7271.150473738369
7271.177790854562
7271.6227062410435
7272.2640862475655
7272.830420442084
7275.897491992375
7276.390774397788
7276.6150764256045
7276.886497470424
7277.109342773033
7277.514722401048
7277.744254823625
7277.7795071775545
7278.761395505775
7278.870507613999
7279.069017207369
7279.363630266479
7279.930881031536
7280.3938282391555
7280.749559944412
7281.101254815947
7281.132132038094
7281.299112126032
7281.394725163193
7281.598632135969
7282.43032604863
7282.43145947124
7283.56309443709
7284.167994832759
7285.141533055901
7286.054279081184
7286.92299091009
7286.932544103443
7288.3480421081895
7289.258892991547
7289.822463402468
7290.938332983149
7290.975965882914
7291.26204157215
7291.607269930195
7291.715793639734
7292.102605564522
7292.558295185116
7293.636800457597
7293.657699666745
7294.379186786235
7294.828312651293
7295.408763503955
7295.532138635118
7297.189611773324
7297.29428938836
7297.991079561744
7298.4045484089365
7298.548874452605
7298.742124868278
7298.830675918366
7299.545869213548
7301.1624133288005
7302.964146174744
7303.189878025015
7303.8679230720745
7304.111215864556
7304.331868641683
7304.403743681222
7304.556827111105
7304.581275666657
7304.671777926197
7304.7637707498325
7305.029297081714
7305.377736967149
7306.750168990839
7307.3456064078555
7308.247737974612
7308.421535982723
7309.752408247234
7310.020145489573
7310.543164339098
7311.0964443319135
7312.473294450516
7313.333436331756
7313.367927302598
7313.918753503498
7315.34474337846
7315.650632018076
7316.113729015218
7317.971111907318
7318.210911588907
7319.523483403142
7320.023567279885
7321.649492791995
7321.739745665499
7322.060424017054
7322.352249753791
7322.977913645758
7324.099281938342
7324.393988124595
7324.739275085208
7324.84567147497
7326.742089763469
7326.764687159918
7326.934966902524
7328.011528821638
7328.061814794867
7329.17658529941
7330.3348750515215
7330.9144595623575
7331.719248804458
7332.085500588677
7332.759230239473
7333.73825222568
7334.000612672319
7335.429377615185
7335.686653793398
7335.794087975826
7337.132743842033
7337.251559831401
7338.206054649958
7338.887858277507
7342.088428869901
7342.74635752888
7343.43833526507
7343.767731250795
7344.972192232792
7345.225235526258
7347.708747572084
7350.656771355709
7354.692762813524
7355.1077357656995
7355.576088617272
7357.0240158919405
7358.36222343302
7358.525183299708
7359.826037720657
7359.962807422171
7361.222904199766
7363.085319818709
7365.370771829511
7366.883136845228
7367.665419962867
7369.893818282376
7371.405844041735
7371.568859732889
7372.727848557848
7374.680187622518
7375.780914992754
7375.917225660505
7376.412917908972
7376.808749479079
7378.913828014523
7386.172538647342
7386.947440287049
7393.405473628982
7399.609541320378
7400.6898212900505
7405.195135152853
7406.402358096553
7406.650396660149
7409.068781680636
7409.341973620278
7410.489406826447
7416.606948747707
7418.694667031414
7419.446933208728
7419.78529085721
7426.12741628024
7435.999766035454
7437.499625462588
7437.963321194941
7439.019429667644
7443.01507332147
7445.399912537648
7448.591256187092
7452.8937997279845
7454.592985468004
7477.350453187317
7521.430196026482
7522.28920179278
7525.346794291147
7537.509596904743
7537.642945588649
7554.936794879639
7575.968885207402
7581.132281573111
7741.227161944489
9519.83955485734
9520.193610480603
9521.589865188334
9521.849828053808
