Percentile: 1
Percentile: 1
Percentile: 1
Percentile: 1
8868.114370677573
8928.794885339477
8930.311707162897
8936.806983628263
8937.946092751112
8938.87250484867
8942.734339302675
8944.50355006303
8946.670002451547
8949.028101591424
8949.345986883733
8953.73721835417
8953.849878708044
8958.470194240417
8960.413347771348
8961.056897582965
8962.177661119307
8966.3393472632
8968.374278571506
8968.578007086293
8969.809314227065
8971.960141943595
8972.018434350368
8975.746643469602
8976.754095077926
8977.302673852788
8977.73208838454
8978.21547711829
8978.294787778794
8979.966996115872
8980.257359698973
8980.305179577264
8980.339793166737
8980.432333328934
8980.575450822042
8981.32895183943
8981.346058139601
8982.431792157178
8982.831983724782
8983.959890976581
8984.064866457571
8984.500304092544
8984.628051995367
8985.027496890028
8986.056174745816
8986.49399587633
8986.74097129966
8986.856789277284
8989.429043935352
8989.970158759466
8990.442602720907
8991.233295867745
8991.254173947958
8991.290127288496
8992.258785504284
8992.66738749251
8995.602412299762
8995.697321620622
8996.028895259156
8996.157704675787
8996.204041431465
8996.449273277416
8997.001505960972
8998.617760960627
9000.66841357129
9000.743271389852
9000.756898512098
9000.811812155338
9001.199195230522
9001.316657503652
9001.799137256381
9002.905204764
9003.306604361398
9003.307834233372
9003.821667084965
9004.171259546503
9004.181731489978
9004.273411773775
9004.446794692434
9004.601870596049
9004.689154090976
9004.796634412482
9005.220152173311
9005.3648616404
9005.79669438248
9006.855721992477
9007.070579915846
9007.906590911929
9008.3543248117
9008.663206296515
9009.133496872508
9009.729960507799
9009.818808157683
9010.156905346581
9010.736477900446
9011.2853784257
9011.896050970352
9012.03961765157
9012.417316250818
9013.578183632359
9013.65467122042
9014.027232850407
9014.22325841283
9014.445122956766
9014.550015811901
9015.108337452091
9015.211176724775
9015.460856373613
9015.586167723324
9015.925008483908
9016.694030805053
9016.934948799575
9017.968357135083
9018.241853385995
9018.441455481254
9018.646115983178
9018.660135191893
9018.955265344037
9019.276917514666
9019.501111404168
9019.530221718946
9019.543900250432
9020.342200181578
9020.400160257512
9020.616579595855
9020.70305411091
9020.85155913787
9021.03925179182
9021.171825123523
9021.318183639072
9021.33175344163
9021.352557428718
9022.012211191479
9022.565835101117
9022.606545685549
9022.767235601317
9023.00356141895
9023.203677637248
9023.344288825394
9023.398986064769
9023.99664380897
9024.017688350421
9024.05792975376
9024.131147258584
9024.269591828075
9024.52265972799
9024.545005342305
9024.61388600737
9025.103252980818
9025.200814327025
9025.263443716609
9025.585330794476
9025.616435578946
9025.72283099866
9025.761212015837
9026.133527697119
9026.329302649825
9026.549952371557
9026.632957750444
9026.811674206188
9027.184663370475
9027.206482724476
9027.2802170609
9027.552120266286
9027.728826244009
9027.735988055252
9027.759173821096
9028.049692863306
9028.11833741942
9028.517451340931
9028.579722237591
9028.603730665962
9028.6350357593
9028.675635244948
9028.731445943515
9028.894556031695
9029.140161320995
9029.285851681343
9030.025192647692
9030.172637467178
9030.186106301464
9030.293140223868
9030.550322021109
9030.605518225702
9030.766129197333
9030.853216357273
9031.784476704985
9032.172049236999
9032.2274644821
9032.638931245794
9032.744682452665
9033.556082923145
9034.369093438263
9034.432711145124
9035.338136215818
9035.512954296502
9035.709269671084
9035.763375798551
9035.955935480375
9036.338814587274
9036.54878005308
9037.065712137368
9037.459209293818
9037.52124542501
9037.674418944469
9038.059746001574
9038.402913814927
9038.631575016854
9038.631958702957
9038.907107710276
9038.942711202073
9039.085612016872
9039.284774739563
9039.986113101448
9040.341300901326
9040.541328278481
9041.09720658835
9041.350062530562
9041.575726729785
9041.584629933548
9041.719329164624
9042.020917865142
9042.160064924294
9043.039699520768
9043.104519749038
9043.197603886198
9043.22203061658
9043.329653696279
9043.486559874327
9043.610066437455
9044.122788430628
9044.354696834434
9045.356401285862
9045.852998890348
9046.07346401164
9046.22343413961
9046.30514154678
9046.717644063423
9046.835131069309
9046.877944537086
9047.064705133302
9047.108339376613
9047.22195932267
9047.286183621813
9047.42456100176
9047.631282073547
9047.877406176369
9048.060495885193
9048.335184663798
9048.40989254759
9048.620834113224
9049.131435745332
9049.174584602792
9049.185162733691
9049.362896806633
9049.369670240725
9049.494248502777
9049.558529566675
9049.83152003102
9050.038199914572
9050.146361475392
9050.272461609462
9051.038446605076
9051.16031842687
9051.348426684292
9051.405209566688
9051.422359707572
9051.77219035432
9051.952277230848
9052.370911693559
9052.427241947185
9052.440403987928
9052.508757662008
9052.690907498632
9052.736699669025
9052.944301991147
9053.020550341296
9053.020934106396
9053.202643810026
9053.695137002507
9054.092020564221
9054.459418640421
9054.64470517858
9054.843557585087
9055.615636285047
9056.079740733601
9056.170469034945
9056.217647025649
9056.75802827749
9056.919769498192
9057.000279470927
9057.038410575062
9057.316440544771
9057.36617066824
9057.870449208467
9058.116037630765
9058.247640184018
9058.678562232893
9058.757164756762
9058.894939527483
9059.328471160146
9059.59551799479
9059.598530660018
9059.822216543913
9059.950139865232
9060.004826482527
9060.77548112942
9060.847611690599
9061.109895161795
9061.41334330623
9061.471331519375
9061.674538116053
9061.793186444915
9062.036282913747
9062.290227680938
9062.492021914186
9062.643969015893
9062.838915409899
9062.957855407603
9063.04164430749
9063.092981446762
9063.119949498063
9063.297842209762
9063.565173267549
9063.672273339125
9063.929837018055
9064.437118425689
9064.637381082886
9064.868142966405
9064.900120004268
9064.924453966545
9064.95809382973
9065.131358612605
9065.585147503984
9065.894230727627
9066.309694002613
9066.403282467778
9066.502674919873
9066.66316399921
9066.913241584036
9066.928264498234
9066.988120747614
9067.405230698283
9067.419774976983
9067.88260448704
9067.937715035325
9068.043705264665
9068.455981954263
9068.583773822043
9068.774287567345
9069.00115925063
9069.59096991681
9069.630937425749
9070.036895085314
9070.122575174653
9070.203732525526
9070.21425685155
9070.417664741834
9070.544652503037
9070.672877728628
9070.902905676488
9071.051727986054
9071.072585548542
9071.136383963481
9071.31722343647
9071.438952103717
9071.661119259057
9071.875187101365
9072.30894994281
9072.320452610944
9072.443659588958
9072.452293949256
9073.035195603825
9073.224986676789
9073.249610290664
9073.291338400799
9073.538508084532
9073.85874109972
9073.884514369967
9073.911722743194
9074.024702533863
9074.124432881914
9074.379623767114
9074.736133541743
9074.806106860178
9074.981797610651
9075.181041657788
9075.370568547854
9075.753044559402
9076.052853799636
9076.080970614665
9076.142283524932
9076.436409973792
9076.489206026292
9076.529309150015
9076.56213342847
9076.986932940852
9077.175372860678
9077.19845142817
9077.879509028387
9077.921125932331
9078.314053295533
9078.603639365756
9079.056990717656
9079.104048134604
9079.259986375479
9079.37566946084
9079.417350553274
9079.867669467516
9079.981723004734
9080.128253391922
9080.167307468984
9080.374424235306
9080.386981037876
9080.523963854886
9080.54838429673
9080.578060728982
9080.672235382064
9080.677744248113
9080.718259232768
9081.001028783618
9081.118913444932
9081.299481586588
9081.541986459311
9081.687086810902
9081.732874218811
9081.784635971922
9082.107702434478
9082.2037663901
9082.407555661886
9082.411020772244
9082.843336912327
9082.90631978877
9082.93517297889
9083.246930800817
9083.42328157865
9083.617821589025
9083.69294366818
9083.734401341773
9083.736287211686
9083.75366476065
9083.940872594005
9084.081220740856
9084.084210929957
9084.206584932868
9084.354568078827
9084.487489611334
9084.633798477023
9084.932296725614
9085.039563513308
9085.244981912885
9085.377660578075
9085.521280139641
9085.907439649576
9086.257811339596
9086.376747068043
9086.662421574347
9086.693334797525
9087.028877257722
9087.294041075485
9087.503447985693
9087.510135123046
9087.544810227266
9087.55255814362
9087.65392760337
9087.71661828902
9087.941728427244
9088.204553260868
9088.475097999419
9088.485823754936
9088.621160864133
9088.731812534004
9088.846047574418
9088.84639977769
9088.898123787138
9088.912927829391
9089.18762089446
9089.22616761169
9089.276701893796
9089.444794919847
9089.743500274282
9089.753008932628
9090.182729644914
9090.207456948645
9090.421813721583
9090.825088815931
9090.878729296213
9091.419283056523
9091.537750702966
9091.557807819467
9091.67198335148
9091.695754331626
9091.741760262068
9091.74537082131
9091.91531484391
9091.990726701115
9092.025280480733
9092.035761938216
9092.054466458747
9092.062252765183
9092.117410746883
9092.349276925219
9092.647982575785
9092.78517470705
9092.800992346829
9092.838301081689
9093.013425496058
9093.26915900372
9093.31982102311
9093.53458031745
9093.571968496673
9093.772581079056
9093.87926365683
9093.887281426802
9093.940875929127
9094.018930818687
9094.21752419526
9094.538877745286
9094.838393383403
9094.842600724047
9094.893790714372
9094.9260229813
9095.209578325135
9095.249131602413
9095.270107354907
9095.414161732198
9095.438036449119
9095.48454509685
9095.77859771581
9095.82818981121
9095.852938229375
9096.275077081596
9096.621336406542
9096.73738725493
9096.908956578327
9097.165538820453
9097.233876741979
9097.42682372851
9097.509177684291
9098.063358373189
9098.345140072493
9098.378703477054
9098.468513810429
9098.4804126667
9098.611945477449
9098.646888539597
9098.795564144215
9098.990378274559
9099.113632269897
9099.76052472825
9099.798287700396
9099.814823649873
9099.86086722869
9099.995010413548
9100.050899230382
9100.151958306751
9100.216750497473
9100.342393622102
9100.390760112878
9100.766827797266
9100.847470031522
9100.896645185952
9101.281017029389
9101.347449065968
9101.570009773619
9101.90490369869
9101.908358916256
9102.175397398429
9102.179717711826
9102.214679828627
9102.459621287871
9102.60137314104
9102.619649682165
9102.655532683937
9102.84861748503
9103.397647804286
9103.708621378477
9103.719514651139
9103.795278800293
9103.80084820025
9103.842352283338
9103.849145021437
9103.887259633784
9103.904355256902
9103.964794165575
9103.99761095314
9104.177280568838
9104.197106001786
9104.397070717492
9104.479130122603
9104.540883519654
9104.774167634265
9104.927669377279
9105.389063687695
9105.884709940516
9105.95123616533
9105.97768087988
9106.138928081922
9106.603071759895
9106.613390109324
9106.913265949117
9106.9933793461
9107.088903589183
9107.31730560579
9107.328429162293
9107.472406470848
9107.50621995976
9107.660440825113
9107.827618745167
9107.977356110632
9108.009621068912
9108.066643663658
9108.34337437752
9108.394259308474
9108.70980350291
9108.76744501239
9109.006045266899
9109.42846531549
9109.683027560952
9109.687942151217
9109.949568990696
9109.982764111379
9110.06191838541
9110.550639113291
9110.729480116735
9110.983441162858
9110.99136613961
9111.004060801773
9111.328358772946
9111.462436473366
9111.588975743754
9111.602666320441
9111.773290650524
9111.839241454696
9111.841127476782
9112.112222154257
9112.289670493305
9112.383988522353
9112.676361729611
9112.784502875895
9112.813740696785
9112.955660651141
9113.142079255442
9113.37307868535
9113.629040593394
9113.976399104029
9114.074567474885
9114.136441976192
9114.449083045674
9114.458192404349
9114.650111562174
9114.73629314795
9114.893961077341
9115.628708612783
9115.671665299302
9115.797815034102
9115.912477772246
9116.196559483446
9116.201627653541
9116.237124679434
9116.677449290268
9116.914926302748
9116.994787329304
9117.230093887507
9117.575416976486
9117.775773280897
9117.793714534391
9117.86763749157
9117.94913593775
9118.283536504487
9118.331155787504
9118.72943945764
9118.765462863259
9119.280024452775
9119.335121639813
9119.84968342676
9119.96660960885
9120.005305836616
9120.121761667542
9120.126202278727
9120.139018793721
9120.431604102878
9120.47959720054
9120.5491021163
9120.71969147428
9120.768638979598
9120.90551958566
9121.346793173861
9121.506358048144
9121.660903461021
9121.881383565255
9122.098845669148
9122.482076547107
9122.58859579052
9122.639372179967
9122.774624742426
9122.982737118722
9123.100437923855
9123.535969580866
9123.685813720427
9123.705170894635
9123.904399800213
9124.50091055639
9124.525489869775
9125.018143493307
9125.099928069822
9125.263040468562
9125.43204373892
9125.495688989125
9125.514949534225
9125.926446173895
9126.031989921416
9126.242793487409
9126.930820879197
9127.367037961372
9127.464740426769
9127.556498355223
9127.826926996526
9127.991588899937
9128.764804946042
9128.76815376471
9128.853387522357
9128.9786330787
9129.000438657242
9129.6047224693
9129.692023449383
9129.713203952842
9129.83152214166
9130.027439843749
9130.085926476371
9130.122672450965
9130.24865780116
9130.555105416413
9130.623611174395
9130.66678274378
9130.800899779664
9130.919967478076
9131.010141143743
9131.115691248267
9131.27363142018
9131.655240608701
9132.150204189253
9132.449675648519
9132.55857038346
9132.584533730173
9132.67694412751
9133.063597847493
9133.285756888929
9133.711471617962
9133.99664279581
9134.029117473025
9134.051263702604
9134.204626991354
9134.40766564491
9134.743734824333
9134.787179169882
9135.307037534409
9135.387584743397
9135.477316765295
9135.814588614898
9135.930435500142
9135.955285724134
9136.099114730474
9136.917592283042
9137.081785685228
9137.25682514625
9137.320706759774
9137.6016394326
9137.779332549278
9137.81911843048
9137.964122862386
9138.040315103222
9138.116818623012
9138.475172926052
9138.625301080163
9139.237598269867
9139.348222142693
9139.417204984386
9139.47850087928
9140.051652292545
9140.269003701962
9140.285758013046
9140.327883015223
9140.448542202796
9140.468997494423
9140.565095603642
9140.900460436904
9141.045038832975
9141.17766357209
9141.255463554347
9141.373324783865
9141.490316467953
9142.097175313345
9142.68019191235
9143.524293080802
9143.552827061043
9143.637377527126
9143.954674139059
9144.161566603394
9144.739805431396
9145.199698666926
9145.303134395464
9145.738511847094
9145.764565142666
9145.975216720639
9146.103073979812
9146.104030776989
9146.668434362242
9146.856878182474
9147.096724320629
9148.099005119444
9148.706239336288
9148.922347045176
9149.166467104875
9149.490073736437
9149.702867104537
9149.765596333058
9149.982025202842
9150.533464078726
9150.816258477735
9151.10318913047
9151.16641204721
9151.261794046342
9151.560625263644
9151.781942597348
9152.009016629194
9152.130810950717
9152.186834175242
9152.334542741499
9152.518206828972
9152.570982183004
9152.747091679303
9153.195884095061
9153.498762692565
9153.566669564463
9153.737550367718
9153.85383246239
9153.891728340195
9154.060397695157
9154.226983589502
9154.277376534645
9154.710816571122
9154.76550941555
9154.772263355062
9154.924173047337
9155.193824602296
9155.658286689195
9155.698707154654
9155.749162091612
9155.775194108635
9155.923215349248
9156.546179777344
9157.425569707522
9157.44827929079
9158.533749356464
9158.570353181927
9159.211165427641
9159.709319277983
9159.786720578082
9159.834923633276
9160.427890146497
9160.535351464918
9160.565365658551
9160.901943349714
9161.241429000862
9161.433690726535
9161.702541345838
9161.954015655461
9162.100665018681
9162.923856566777
9163.289250189326
9163.567196184988
9163.887478273238
9163.915881443558
9164.06179695394
9164.063142676945
9164.440903598263
9164.61634359977
9164.66589741541
9165.490994192165
9165.6360648123
9166.104249038013
9166.307207890472
9166.580746672505
9166.69654819717
9167.0016649756
9167.081251279606
9167.80628598552
9168.379881849616
9168.555128950176
9168.68125390731
9170.067516079916
9170.479000977202
9170.786016635535
9170.85799981378
9171.13824332426
9171.767712764437
9172.194660187442
9172.725007588495
9173.206023362965
9173.346693069438
9173.390469398275
9173.418815170651
9173.874812865863
9174.086364968189
9174.399044938833
9174.4037782117
9174.549781145959
9174.896755498068
9175.754323933645
9175.76523976618
9176.106321452276
9176.174865211091
9176.253404214001
9176.536172740372
9177.114851603808
9177.33200935514
9177.860051360629
9178.151553034131
9178.31859633193
9178.466786575318
9179.392455501504
9179.851018557569
9179.99930664431
9180.124855709388
9180.410495269509
9180.895642073241
9181.37549237201
9182.084614442409
9182.13223750657
9182.190048172206
9182.65369661074
9182.840284143987
9183.125632885683
9185.227701506536
9185.480386526515
9185.50090117886
9185.6439241877
9185.757721326423
9186.599941272416
9190.16120657637
9190.704034764043
9191.335746567369
9192.45692839022
9192.645083166588
9192.7985673221
9193.16456014395
9193.704224546871
9194.17766743854
9194.836101812592
9195.713513971323
9196.0278266849
9196.601146857885
9197.073203009888
9197.51429797748
9197.677079898904
9198.991701015626
9199.395209306886
9200.241925029144
9200.28629607251
9202.664260077496
9203.157436790034
9203.19600379661
9203.371917264994
9203.582697255271
9204.464196919895
9204.736490380223
9205.388145874816
9205.756506552929
9207.149300637353
9208.314129218963
9208.874649936362
9211.038226149187
9211.49967981858
9213.362201817852
9213.599826074762
9214.48160171779
9215.086332080573
9216.475041506872
9217.53670657023
9220.021526119093
9222.088516667538
9227.315897387263
9227.42232296976
9229.809252735622
9236.390005765317
9236.861902689954
9236.933259464677
9237.390135499332
9243.146827852675
9248.734651136127
9250.235176155122
9251.39345636676
9256.949117894641
9264.804008844956
9272.950897073866
9276.372459405668
9282.64799417592
9291.363223353183
9293.528713076605
9519.83955485735
9521.849828053826
9522.203883677052
9522.203883677077
