8928.794885339477
8938.87250484867
8949.345986883733
8958.470194240417
8966.3393472632
8975.746643469602
8978.294787778794
8980.257359698973
8980.305179577264
8982.431792157178
8984.500304092544
8992.66738749251
8996.028895259156
8996.204041431465
8997.001505960972
9001.799137256381
9003.307834233372
9005.220152173311
9008.663206296515
9009.729960507799
9009.818808157683
9011.2853784257
9012.417316250818
9013.65467122042
9015.211176724775
9017.968357135083
9018.241853385995
9018.441455481254
9020.85155913787
9021.03925179182
9021.33175344163
9023.203677637248
9023.99664380897
9024.05792975376
9025.200814327025
9026.329302649825
9026.549952371557
9026.632957750444
9027.184663370475
9027.206482724476
9029.140161320995
9030.550322021109
9032.172049236999
9032.2274644821
9034.369093438263
9034.432711145124
9036.54878005308
9037.52124542501
9039.284774739563
9040.341300901326
9040.541328278481
9041.575726729785
9041.584629933548
9043.039699520768
9043.104519749038
9043.22203061658
9043.486559874327
9047.108339376613
9047.286183621813
9048.335184663798
9049.131435745332
9051.77219035432
9053.020934106396
9053.202643810026
9054.843557585087
9055.615636285047
9057.000279470927
9058.116037630765
9058.247640184018
9058.678562232893
9061.41334330623
9061.471331519375
9062.838915409899
9063.092981446762
9063.565173267549
9064.437118425689
9064.868142966405
9066.502674919873
9066.66316399921
9067.937715035325
9068.774287567345
9069.00115925063
9070.122575174653
9070.544652503037
9070.902905676488
9071.661119259057
9072.452293949256
9073.035195603825
9073.291338400799
9074.981797610651
9075.753044559402
9076.052853799636
9076.142283524932
9077.879509028387
9077.921125932331
9078.314053295533
9078.603639365756
9079.056990717656
9079.37566946084
9079.417350553274
9080.128253391922
9080.718259232768
9081.118913444932
9081.299481586588
9082.107702434478
9082.407555661886
9082.93517297889
9083.42328157865
9083.734401341773
9084.354568078827
9084.932296725614
9085.244981912885
9085.377660578075
9085.907439649576
9087.65392760337
9087.71661828902
9087.941728427244
9088.912927829391
9090.207456948645
9091.537750702966
9091.557807819467
9091.990726701115
9092.349276925219
9092.78517470705
9092.800992346829
9092.838301081689
9093.26915900372
9093.940875929127
9094.018930818687
9094.838393383403
9095.249131602413
9095.48454509685
9097.233876741979
9098.378703477054
9098.468513810429
9098.611945477449
9098.990378274559
9099.798287700396
9100.896645185952
9101.281017029389
9102.214679828627
9102.60137314104
9102.619649682165
9102.655532683937
9103.80084820025
9103.842352283338
9104.177280568838
9104.197106001786
9108.009621068912
9108.70980350291
9108.76744501239
9109.42846531549
9109.683027560952
9110.550639113291
9110.983441162858
9110.99136613961
9111.588975743754
9112.289670493305
9112.676361729611
9114.074567474885
9114.893961077341
9115.628708612783
9116.196559483446
9116.201627653541
9116.237124679434
9116.914926302748
9117.230093887507
9118.283536504487
9118.72943945764
9118.765462863259
9119.280024452775
9119.96660960885
9120.005305836616
9120.431604102878
9120.71969147428
9120.90551958566
9121.346793173861
9121.660903461021
9121.881383565255
9123.685813720427
9123.705170894635
9125.43204373892
9125.926446173895
9127.367037961372
9127.556498355223
9128.853387522357
9130.027439843749
9130.24865780116
9130.555105416413
9132.449675648519
9132.55857038346
9134.029117473025
9134.743734824333
9134.787179169882
9135.477316765295
9135.814588614898
9135.930435500142
9135.955285724134
9136.917592283042
9137.081785685228
9137.6016394326
9137.964122862386
9139.47850087928
9140.285758013046
9140.327883015223
9143.552827061043
9145.738511847094
9145.764565142666
9148.922347045176
9149.166467104875
9149.765596333058
9151.261794046342
9152.009016629194
9152.186834175242
9152.518206828972
9153.195884095061
9153.566669564463
9156.546179777344
9159.709319277983
9162.100665018681
9163.567196184988
9163.887478273238
9166.104249038013
9166.307207890472
9168.555128950176
9170.786016635535
9170.85799981378
9173.206023362965
9173.346693069438
9176.174865211091
9176.253404214001
9178.466786575318
9180.895642073241
9185.480386526515
9186.599941272416
9190.704034764043
9196.601146857885
9197.51429797748
9199.395209306886
9200.241925029144
9203.19600379661
9204.464196919895
9208.314129218963
9208.874649936362
9211.038226149187
9227.42232296976
9236.861902689954
9236.933259464677
9251.39345636676
9264.804008844956
9521.849828053826
Percentile: 1
