8868.114370677573
8949.028101591424
8960.413347771348
8968.374278571506
8976.754095077926
8979.966996115872
8980.339793166737
8981.32895183943
8981.346058139601
8986.056174745816
8986.856789277284
8989.429043935352
8991.233295867745
8991.290127288496
8995.602412299762
8998.617760960627
9000.743271389852
9000.811812155338
9003.306604361398
9004.181731489978
9004.796634412482
9005.3648616404
9006.855721992477
9008.3543248117
9014.22325841283
9014.445122956766
9014.550015811901
9015.460856373613
9015.925008483908
9016.694030805053
9016.934948799575
9019.276917514666
9019.501111404168
9019.530221718946
9019.543900250432
9020.342200181578
9021.171825123523
9021.318183639072
9022.565835101117
9023.398986064769
9024.017688350421
9024.61388600737
9025.616435578946
9025.72283099866
9027.552120266286
9028.11833741942
9028.579722237591
9031.784476704985
9032.638931245794
9037.459209293818
9038.631575016854
9038.907107710276
9041.09720658835
9041.350062530562
9043.329653696279
9044.354696834434
9046.717644063423
9047.877406176369
9048.060495885193
9048.40989254759
9048.620834113224
9049.494248502777
9049.558529566675
9050.146361475392
9051.348426684292
9051.952277230848
9052.370911693559
9052.427241947185
9052.440403987928
9053.695137002507
9054.092020564221
9056.217647025649
9056.75802827749
9056.919769498192
9057.038410575062
9059.59551799479
9060.847611690599
9061.109895161795
9061.793186444915
9062.492021914186
9063.119949498063
9063.297842209762
9063.929837018055
9064.924453966545
9064.95809382973
9065.894230727627
9066.913241584036
9066.928264498234
9066.988120747614
9067.88260448704
9068.043705264665
9068.455981954263
9068.583773822043
9069.59096991681
9070.672877728628
9071.31722343647
9072.30894994281
9073.249610290664
9073.911722743194
9075.370568547854
9076.080970614665
9076.436409973792
9076.56213342847
9079.867669467516
9080.523963854886
9080.54838429673
9080.672235382064
9081.541986459311
9081.687086810902
9082.2037663901
9083.246930800817
9083.617821589025
9083.69294366818
9083.75366476065
9083.940872594005
9084.081220740856
9084.487489611334
9085.521280139641
9086.693334797525
9087.503447985693
9088.204553260868
9088.84639977769
9088.898123787138
9089.22616761169
9091.695754331626
9091.741760262068
9091.74537082131
9092.035761938216
9092.054466458747
9092.647982575785
9093.31982102311
9093.53458031745
9093.887281426802
9094.842600724047
9095.209578325135
9095.414161732198
9095.438036449119
9095.82818981121
9095.852938229375
9096.275077081596
9097.165538820453
9098.4804126667
9099.814823649873
9099.995010413548
9100.342393622102
9100.766827797266
9101.570009773619
9101.90490369869
9102.175397398429
9103.887259633784
9103.904355256902
9103.99761095314
9104.927669377279
9105.389063687695
9105.884709940516
9107.660440825113
9107.827618745167
9108.394259308474
9111.462436473366
9111.602666320441
9111.839241454696
9111.841127476782
9113.142079255442
9114.136441976192
9114.650111562174
9115.671665299302
9115.797815034102
9116.677449290268
9116.994787329304
9117.775773280897
9117.86763749157
9119.335121639813
9120.126202278727
9120.768638979598
9122.639372179967
9128.764804946042
9128.76815376471
9129.000438657242
9130.66678274378
9131.010141143743
9132.150204189253
9133.99664279581
9138.116818623012
9138.625301080163
9141.045038832975
9141.373324783865
9141.490316467953
9142.68019191235
9143.954674139059
9144.161566603394
9144.739805431396
9147.096724320629
9148.099005119444
9149.490073736437
9149.982025202842
9150.816258477735
9151.16641204721
9151.560625263644
9152.747091679303
9153.737550367718
9154.277376534645
9154.710816571122
9154.772263355062
9155.658286689195
9155.923215349248
9158.533749356464
9158.570353181927
9159.211165427641
9160.427890146497
9160.535351464918
9163.289250189326
9163.915881443558
9164.66589741541
9166.580746672505
9167.0016649756
9168.379881849616
9168.68125390731
9170.479000977202
9172.194660187442
9172.725007588495
9174.086364968189
9174.399044938833
9174.896755498068
9175.76523976618
9177.860051360629
9178.31859633193
9180.410495269509
9182.13223750657
9185.50090117886
9185.6439241877
9190.16120657637
9191.335746567369
9192.45692839022
9192.7985673221
9193.704224546871
9194.17766743854
9196.0278266849
9202.664260077496
9203.157436790034
9204.736490380223
9207.149300637353
9213.599826074762
9214.48160171779
9216.475041506872
9217.53670657023
9237.390135499332
9248.734651136127
9250.235176155122
9282.64799417592
9291.363223353183
9522.203883677052
Percentile: 1
