8936.806983628263
8937.946092751112
8942.734339302675
8946.670002451547
8961.056897582965
8962.177661119307
8968.578007086293
8977.302673852788
8977.73208838454
8980.432333328934
8980.575450822042
8982.831983724782
8983.959890976581
8986.49399587633
8986.74097129966
8990.442602720907
8991.254173947958
8996.157704675787
8996.449273277416
9001.199195230522
9002.905204764
9007.070579915846
9007.906590911929
9009.133496872508
9011.896050970352
9013.578183632359
9014.027232850407
9015.108337452091
9015.586167723324
9018.660135191893
9020.70305411091
9021.352557428718
9022.012211191479
9022.767235601317
9023.00356141895
9024.545005342305
9025.103252980818
9025.585330794476
9027.728826244009
9027.759173821096
9028.603730665962
9028.6350357593
9028.894556031695
9030.172637467178
9030.293140223868
9030.853216357273
9033.556082923145
9035.338136215818
9035.763375798551
9035.955935480375
9037.065712137368
9038.059746001574
9038.402913814927
9038.631958702957
9039.085612016872
9042.020917865142
9043.197603886198
9044.122788430628
9045.356401285862
9046.07346401164
9046.835131069309
9047.22195932267
9047.42456100176
9049.369670240725
9050.038199914572
9050.272461609462
9051.038446605076
9051.16031842687
9051.405209566688
9052.736699669025
9052.944301991147
9053.020550341296
9054.459418640421
9056.079740733601
9057.870449208467
9058.894939527483
9059.328471160146
9059.598530660018
9059.822216543913
9060.77548112942
9061.674538116053
9062.290227680938
9062.643969015893
9064.900120004268
9066.403282467778
9067.419774976983
9069.630937425749
9070.036895085314
9070.21425685155
9070.417664741834
9071.875187101365
9072.320452610944
9072.443659588958
9073.538508084532
9074.024702533863
9074.124432881914
9074.379623767114
9074.736133541743
9076.529309150015
9076.986932940852
9077.19845142817
9079.104048134604
9079.981723004734
9080.374424235306
9080.578060728982
9080.677744248113
9081.001028783618
9081.784635971922
9082.90631978877
9083.736287211686
9084.084210929957
9084.206584932868
9084.633798477023
9085.039563513308
9086.257811339596
9086.662421574347
9087.294041075485
9087.510135123046
9087.544810227266
9088.846047574418
9089.276701893796
9089.444794919847
9090.182729644914
9090.421813721583
9090.825088815931
9091.419283056523
9092.117410746883
9093.571968496673
9093.772581079056
9093.87926365683
9094.893790714372
9094.9260229813
9095.270107354907
9096.621336406542
9096.73738725493
9099.113632269897
9099.86086722869
9100.050899230382
9100.216750497473
9100.390760112878
9100.847470031522
9101.347449065968
9103.719514651139
9103.795278800293
9103.849145021437
9103.964794165575
9104.397070717492
9104.479130122603
9105.95123616533
9107.328429162293
9108.066643663658
9108.34337437752
9109.949568990696
9110.06191838541
9110.729480116735
9111.004060801773
9111.328358772946
9111.773290650524
9112.112222154257
9112.383988522353
9112.784502875895
9113.37307868535
9113.976399104029
9115.912477772246
9117.575416976486
9118.331155787504
9120.121761667542
9120.47959720054
9122.098845669148
9122.58859579052
9123.535969580866
9123.904399800213
9124.50091055639
9124.525489869775
9125.018143493307
9125.514949534225
9126.242793487409
9126.930820879197
9127.826926996526
9128.9786330787
9129.6047224693
9129.692023449383
9129.713203952842
9130.122672450965
9130.623611174395
9131.115691248267
9131.27363142018
9131.655240608701
9133.285756888929
9133.711471617962
9136.099114730474
9137.25682514625
9137.779332549278
9137.81911843048
9138.475172926052
9139.237598269867
9139.417204984386
9140.051652292545
9140.269003701962
9140.448542202796
9140.468997494423
9140.900460436904
9141.17766357209
9141.255463554347
9142.097175313345
9145.303134395464
9146.103073979812
9146.104030776989
9146.856878182474
9148.706239336288
9149.702867104537
9151.781942597348
9152.334542741499
9153.498762692565
9154.226983589502
9154.76550941555
9155.193824602296
9155.698707154654
9155.775194108635
9157.425569707522
9157.44827929079
9160.901943349714
9161.702541345838
9161.954015655461
9164.063142676945
9164.61634359977
9165.490994192165
9166.69654819717
9167.80628598552
9170.067516079916
9171.767712764437
9174.4037782117
9174.549781145959
9175.754323933645
9179.99930664431
9180.124855709388
9182.190048172206
9182.65369661074
9183.125632885683
9193.16456014395
9194.836101812592
9197.073203009888
9200.28629607251
9203.582697255271
9211.49967981858
9213.362201817852
9222.088516667538
9227.315897387263
9243.146827852675
9272.950897073866
9522.203883677077
Percentile: 1
