8930.311707162897
8944.50355006303
8953.73721835417
8953.849878708044
8969.809314227065
8971.960141943595
8972.018434350368
8978.21547711829
8984.064866457571
8984.628051995367
8985.027496890028
8989.970158759466
8992.258785504284
8995.697321620622
9000.66841357129
9000.756898512098
9001.316657503652
9003.821667084965
9004.171259546503
9004.273411773775
9004.446794692434
9004.601870596049
9004.689154090976
9005.79669438248
9010.156905346581
9010.736477900446
9012.03961765157
9018.646115983178
9018.955265344037
9020.400160257512
9020.616579595855
9022.606545685549
9023.344288825394
9024.131147258584
9024.269591828075
9024.52265972799
9025.263443716609
9025.761212015837
9026.133527697119
9026.811674206188
9027.2802170609
9027.735988055252
9028.049692863306
9028.517451340931
9028.675635244948
9028.731445943515
9029.285851681343
9030.025192647692
9030.186106301464
9030.605518225702
9030.766129197333
9032.744682452665
9035.512954296502
9035.709269671084
9036.338814587274
9037.674418944469
9038.942711202073
9039.986113101448
9041.719329164624
9042.160064924294
9043.610066437455
9045.852998890348
9046.22343413961
9046.30514154678
9046.877944537086
9047.064705133302
9047.631282073547
9049.174584602792
9049.185162733691
9049.362896806633
9049.83152003102
9051.422359707572
9052.508757662008
9052.690907498632
9054.64470517858
9056.170469034945
9057.316440544771
9057.36617066824
9058.757164756762
9059.950139865232
9060.004826482527
9062.036282913747
9062.957855407603
9063.04164430749
9063.672273339125
9064.637381082886
9065.131358612605
9065.585147503984
9066.309694002613
9067.405230698283
9070.203732525526
9071.051727986054
9071.072585548542
9071.136383963481
9071.438952103717
9073.224986676789
9073.85874109972
9073.884514369967
9074.806106860178
9075.181041657788
9076.489206026292
9077.175372860678
9079.259986375479
9080.167307468984
9080.386981037876
9081.732874218811
9082.411020772244
9082.843336912327
9086.376747068043
9087.028877257722
9087.55255814362
9088.475097999419
9088.485823754936
9088.621160864133
9088.731812534004
9089.18762089446
9089.743500274282
9089.753008932628
9090.878729296213
9091.67198335148
9091.91531484391
9092.025280480733
9092.062252765183
9093.013425496058
9094.21752419526
9094.538877745286
9095.77859771581
9096.908956578327
9097.42682372851
9097.509177684291
9098.063358373189
9098.345140072493
9098.646888539597
9098.795564144215
9099.76052472825
9100.151958306751
9101.908358916256
9102.179717711826
9102.459621287871
9102.84861748503
9103.397647804286
9103.708621378477
9104.540883519654
9104.774167634265
9105.97768087988
9106.138928081922
9106.603071759895
9106.613390109324
9106.913265949117
9106.9933793461
9107.088903589183
9107.31730560579
9107.472406470848
9107.50621995976
9107.977356110632
9109.006045266899
9109.687942151217
9109.982764111379
9112.813740696785
9112.955660651141
9113.629040593394
9114.449083045674
9114.458192404349
9114.73629314795
9117.793714534391
9117.94913593775
9119.84968342676
9120.139018793721
9120.5491021163
9121.506358048144
9122.482076547107
9122.774624742426
9122.982737118722
9123.100437923855
9125.099928069822
9125.263040468562
9125.495688989125
9126.031989921416
9127.464740426769
9127.991588899937
9129.83152214166
9130.085926476371
9130.800899779664
9130.919967478076
9132.584533730173
9132.67694412751
9133.063597847493
9134.051263702604
9134.204626991354
9134.40766564491
9135.307037534409
9135.387584743397
9137.320706759774
9138.040315103222
9139.348222142693
9140.565095603642
9143.524293080802
9143.637377527126
9145.199698666926
9145.975216720639
9146.668434362242
9150.533464078726
9151.10318913047
9152.130810950717
9152.570982183004
9153.85383246239
9153.891728340195
9154.060397695157
9154.924173047337
9155.749162091612
9159.786720578082
9159.834923633276
9160.565365658551
9161.241429000862
9161.433690726535
9162.923856566777
9164.06179695394
9164.440903598263
9165.6360648123
9167.081251279606
9171.13824332426
9173.390469398275
9173.418815170651
9173.874812865863
9176.106321452276
9176.536172740372
9177.114851603808
9177.33200935514
9178.151553034131
9179.392455501504
9179.851018557569
9181.37549237201
9182.084614442409
9182.840284143987
9185.227701506536
9185.757721326423
9192.645083166588
9195.713513971323
9197.677079898904
9198.991701015626
9203.371917264994
9205.388145874816
9205.756506552929
9215.086332080573
9220.021526119093
9229.809252735622
9236.390005765317
9256.949117894641
9276.372459405668
9293.528713076605
9519.83955485735
Percentile: 1
