6758.090732207707
6901.417693176938
6915.298623923643
6951.108549385986
6984.041923648365
6984.895777808495
6985.649826716443
6989.371252883084
6989.848637137456
6990.090159954836
6990.9559131565775
6992.50357700243
6997.716316209077
6998.589984474474
6999.044293478609
7001.833080036771
7003.280028367459
7003.57446408459
7006.623690922112
7008.157508188019
7009.425899454933
7010.38790654542
7013.6425151126905
7014.198230872035
7014.258585802078
7014.574540909147
7018.5496025720595
7021.104500728989
7021.538239073381
7023.299213127873
7023.679173402508
7026.410753443192
7027.821073880066
7032.550334842084
7034.847957588461
7039.186352423807
7039.477399155551
7042.221618644124
7043.306344404673
7047.869925674195
7048.510682384724
7050.723239432819
7051.3633051505185
7053.023563142547
7054.277227530423
7055.486983446965
7057.375491124244
7062.393939925185
7063.063408243442
7064.01235829574
7064.945980232026
7065.0574095776365
7065.164468846429
7065.767392071315
7069.372031105138
7070.0893509066045
7071.145736346284
7072.023290926824
7072.4825154024065
7075.141263679976
7076.820418776925
7077.172436525819
7078.4481239462375
7079.254513216143
7079.369469116897
7080.768088131021
7081.196530723
7085.660160616409
7085.774777756959
7086.060862143506
7086.892107269576
7086.917181250886
7087.247598211219
7091.1097278159305
7094.746182408213
7095.873455127054
7099.3449366289115
7100.493439443456
7101.434000947432
7101.536150010364
7103.256553892707
7103.256566810218
7103.890252237006
7104.411437443758
7107.922651798013
7109.557511892871
7109.721660252982
7109.958014194334
7111.399347509095
7111.61770189433
7112.126077272005
7113.580385840876
7114.784738383084
7115.097226975927
7116.1794883613775
7116.36865091804
7116.740882574809
7116.871720724471
7117.117815009647
7117.803848712408
7120.780917009676
7122.212505153182
7123.357173647493
7124.322827699234
7129.559632361765
7131.299311012373
7131.8981959777675
7132.788170119015
7133.916474202917
7134.574641336228
7135.433353788539
7139.4994158653335
7139.85862571537
7140.666441730675
7140.740399782534
7141.078007515224
7143.418281028765
7145.029142662966
7145.782084180259
7146.231143278966
7148.94852304362
7149.986698542737
7150.078798390493
7154.497954734953
7154.695932734342
7155.278060649689
7155.54467647241
7155.7261646579045
7155.892359051533
7156.519909565587
7156.8958348007445
7158.410852933331
7158.541556622409
7160.930874884006
7162.22994250064
7162.4944827037425
7163.020265924467
7163.377681901454
7164.486730984738
7169.643418254755
7172.3341318393295
7176.635885716774
7177.438958080386
7177.960337633047
7178.49588584648
7178.800768278487
7179.653233610577
7180.645073280872
7185.3909963253245
7185.58348398595
7187.536377722008
7187.770487999903
7187.9369216331215
7187.963149508795
7188.507877875717
7191.056817170108
7191.760617803748
7191.825619082607
7194.020869001576
7196.227756490472
7199.9134730569995
7200.439043575056
7201.101565301574
7203.715213737136
7205.296614224356
7207.391268468198
7207.563923247541
7209.172167238644
7209.296572151286
7211.045255291357
7213.855157798021
7214.697804769123
7214.9106172208885
7215.572308891805
7215.814742989017
7221.420588542733
7222.146327046491
7231.523784599718
7232.449973448086
7237.01717983579
7241.280224411387
7241.439497672713
7244.9457573890395
7246.790240385273
7247.351770145446
7248.257774889327
7251.357652634063
7252.150807428209
7255.457864764788
7255.574490893496
7257.8478127399185
7258.798335544025
7261.842481126257
7263.281889408755
7265.761496798921
7266.176290795707
7266.246584811561
7267.232570594898
7270.08099884372
7272.2640862475655
7275.897491992375
7276.886497470424
7277.514722401048
7277.7795071775545
7278.761395505775
7278.870507613999
7279.069017207369
7281.394725163193
7283.56309443709
7285.141533055901
7289.822463402468
7291.26204157215
7291.607269930195
7291.715793639734
7301.1624133288005
7302.964146174744
7304.111215864556
7305.029297081714
7307.3456064078555
7308.421535982723
7309.752408247234
7310.020145489573
7313.367927302598
7313.918753503498
7316.113729015218
7319.523483403142
7321.649492791995
7321.739745665499
7322.977913645758
7324.739275085208
7326.742089763469
7326.934966902524
7328.011528821638
7332.759230239473
7342.088428869901
7343.43833526507
7344.972192232792
7347.708747572084
7350.656771355709
7354.692762813524
7355.1077357656995
7374.680187622518
7399.609541320378
7405.195135152853
7437.499625462588
7437.963321194941
7443.01507332147
7445.399912537648
7448.591256187092
7575.968885207402
9519.83955485734
Percentile: 1
