6827.7901118659265
6839.044176255415
6845.510914885163
6871.3075741412795
6883.060600545185
6903.938757988716
6907.857746074195
6912.522144810794
6921.495853645871
6928.677790069556
6929.858445884088
6930.493510935052
6931.669943646426
6931.758495798228
6935.634590023861
6951.48789509068
6957.220671506693
6958.776858282439
6959.234705108899
6964.974919453261
6970.038214832785
6973.687144990554
6980.529407951771
6981.117355393231
6983.506983998544
6989.185249041623
6996.929049425588
7000.1649067215685
7000.770254850469
7006.095837694112
7006.658775382005
7007.133509506958
7008.439655167516
7008.509657424398
7009.04490340658
7014.421126908796
7026.4983948600775
7028.874902547743
7035.196053485398
7037.90967007774
7039.327839362869
7045.281467934162
7045.292122790468
7048.428933616276
7049.021286375658
7052.843561498746
7053.963734933876
7057.130677970326
7059.269161256624
7059.427600542903
7061.917589658061
7062.008240234997
7062.8532784417985
7063.707835179815
7065.429340116933
7066.192104212217
7067.593221870372
7070.6444081246145
7071.154026288957
7072.602690614879
7077.255790466815
7079.2944666180165
7079.582632302205
7080.555530111349
7082.630472114864
7083.8861079425515
7086.434460317488
7088.59689060289
7088.602546565785
7088.982898179063
7089.154237245015
7089.49680918878
7089.610004272754
7092.477289291037
7093.167736361405
7093.310957901089
7095.067482192383
7095.918637173173
7098.217787047502
7100.2801356983555
7100.796613721974
7102.427124078815
7103.1513385959715
7103.346294035259
7104.234868710785
7104.452008248722
7108.073836001697
7108.191257881056
7108.272599526791
7109.982529719859
7110.074082486572
7110.601546568955
7112.937703386701
7115.417659327093
7119.5390809346745
7119.588765822445
7120.508089316769
7121.270453445819
7122.351618182546
7122.553218772007
7123.577720902372
7125.219086347017
7125.802161911774
7127.758316539333
7128.069411558305
7128.720776920508
7129.660052168917
7129.886737706281
7129.944872146182
7130.090812899504
7132.849058598646
7134.959202325661
7135.422537529593
7136.63509602996
7137.351767353275
7137.890741660242
7138.750608469017
7139.187289988404
7139.554810051402
7140.214205832722
7140.49089541403
7140.898736463298
7141.872244664162
7141.896207868904
7144.469855975745
7145.529647035186
7145.7915363125885
7146.791180066807
7147.302702507793
7149.423304797054
7150.196462456541
7151.772891329105
7154.485711612745
7156.018739208581
7157.28648656529
7157.311578486898
7157.608925461038
7160.103986951349
7163.870167395678
7168.336881469031
7168.715889467498
7169.177733777784
7169.923592119606
7170.342233433538
7173.143032713676
7174.610124642774
7177.172694422741
7177.178626900633
7177.7335587248635
7181.427386150324
7181.5900206206115
7187.4147023878
7187.615231249609
7189.542579182312
7190.364121383488
7190.374076009003
7192.464706307435
7194.013412294106
7196.6130475096315
7200.061978235355
7201.051498437537
7201.350742277968
7202.629697407386
7203.681873980673
7203.9504703808625
7204.228856325973
7205.574377446309
7213.115259999249
7215.144247218931
7218.696983866482
7219.888980852863
7222.055269538904
7223.0600998913205
7223.643650365419
7224.841352896547
7225.088622033438
7229.016855580286
7229.530882258953
7232.270482613538
7233.512337882572
7233.738474211857
7233.796030701648
7240.572997959153
7241.27919836267
7242.840631441802
7244.573445305471
7245.365731479993
7246.05428278681
7247.625459535799
7251.356168273139
7251.866519151103
7254.5669782041105
7256.545240844195
7258.283547642869
7259.571925971707
7260.417847813353
7261.4169967496455
7265.389497079774
7265.523594935824
7265.902578962008
7267.760090413252
7271.150473738369
7271.177790854562
7276.390774397788
7277.744254823625
7279.930881031536
7281.101254815947
7281.598632135969
7282.43032604863
7282.43145947124
7289.258892991547
7292.558295185116
7297.189611773324
7297.29428938836
7298.742124868278
7298.830675918366
7303.8679230720745
7304.556827111105
7304.581275666657
7304.671777926197
7305.377736967149
7313.333436331756
7317.971111907318
7318.210911588907
7320.023567279885
7322.060424017054
7322.352249753791
7324.099281938342
7332.085500588677
7333.73825222568
7334.000612672319
7335.429377615185
7337.251559831401
7342.74635752888
7363.085319818709
7365.370771829511
7367.665419962867
7371.405844041735
7371.568859732889
7372.727848557848
7375.780914992754
7376.412917908972
7378.913828014523
7400.6898212900505
7406.650396660149
7409.068781680636
7410.489406826447
7439.019429667644
7454.592985468004
7554.936794879639
9520.193610480603
Percentile: 1
