6878.507034206857
6933.797688949399
6934.960450632628
6947.161677503183
6947.537667108545
6947.640207697921
6949.403523365216
6954.542706770599
6957.684176515501
6961.607185355835
6964.929239018554
6970.983570164751
6971.31057141995
6974.095329542111
6975.266233913389
6979.0676933684645
6982.89720539832
6990.202883018259
6994.734962802624
6995.740674975637
6999.47650680441
6999.981155043913
7005.719817903035
7005.844723466795
7009.921353819136
7014.694573970613
7018.841285272544
7023.15440673907
7023.433513823308
7029.897258259044
7030.806091971628
7032.267380059551
7037.580492758792
7038.169757993612
7043.814220960535
7045.458916425906
7047.065777845023
7047.951280007784
7049.782695065154
7051.135294943603
7052.769703846582
7053.20016957635
7053.686424010481
7055.259225600706
7055.334123174882
7057.602664186841
7058.8634100830395
7059.328009173264
7059.603098104876
7060.681440250114
7062.106539035861
7062.378373900991
7063.626241830967
7064.6364213496
7064.8410507748395
7065.2950270344945
7065.410810560533
7067.439294688334
7068.373159256727
7069.724072131105
7074.476154679956
7078.501604536467
7080.929934674549
7081.163035909423
7081.31294544319
7081.622958409879
7082.696236605978
7083.830125000054
7083.903428485303
7084.6590732113955
7085.600983161494
7086.0484643153195
7086.113180898187
7090.913028929412
7091.674821988132
7092.762124817484
7093.940614447327
7094.036799595385
7094.255497733998
7094.605715499163
7095.295843358479
7095.419121407479
7099.5742171268375
7099.69733106109
7101.946455560447
7103.056001040725
7103.067309784805
7104.876753549031
7108.3032773884515
7108.665214851069
7109.818972505405
7110.45842973155
7115.048126941122
7117.051785685772
7117.364308049617
7117.756978818696
7118.015440012203
7118.271214294668
7118.646810323337
7118.8155277308615
7119.6049577682425
7119.973524253761
7122.642541644984
7122.65494733397
7127.54219346455
7128.029800677819
7129.961671885533
7130.251696171398
7132.37523299428
7132.581022874773
7133.051738305509
7134.232279528591
7137.687424756256
7142.9163150835275
7143.20281189746
7143.382147788675
7144.283967033558
7145.200523122713
7147.013748380928
7147.878865074397
7149.547578866598
7151.760546004085
7152.481295763837
7154.172543773599
7155.877102869966
7157.5908286158965
7158.244058387827
7158.83168198731
7159.465896806328
7161.675430304043
7165.551491507643
7168.0427373938455
7168.640521166794
7168.799999508222
7169.896510236456
7171.2239839891035
7173.4997966896035
7173.590135142145
7174.81019460609
7175.462508165275
7175.972973345326
7178.740606601234
7178.999947150193
7181.611105518165
7182.67450287264
7186.601725128615
7186.878031256617
7187.574452006495
7189.696560391042
7192.0610130599
7192.167267761248
7192.195639225737
7192.998656393897
7194.6138446234045
7197.334128998748
7200.190264961828
7202.125729311475
7203.9797249658905
7204.821973794035
7207.02143661201
7209.375653823508
7213.57037065521
7214.430793647561
7214.632981255171
7217.090187560788
7217.8026280436425
7218.698548550139
7218.747504120763
7222.444110092888
7224.23626730241
7224.956567330756
7226.65511364879
7226.716663145333
7227.05046388051
7228.5137107601695
7228.885643040294
7232.076021686186
7233.634718220239
7235.402532963449
7236.899986086992
7237.245853112863
7244.263592414484
7244.725708657396
7245.176202361113
7246.239634296523
7246.742583949485
7249.040572177188
7249.135195813135
7250.580174939431
7253.374016700744
7253.761606382323
7255.245930619477
7255.592831451599
7256.2534839416385
7257.705793455853
7257.994609784504
7259.326905181838
7261.04904050712
7263.993631911792
7264.314818105492
7265.488838096276
7265.6085101412455
7268.059554132666
7271.6227062410435
7272.830420442084
7277.109342773033
7279.363630266479
7280.3938282391555
7281.132132038094
7284.167994832759
7286.054279081184
7286.92299091009
7286.932544103443
7290.975965882914
7292.102605564522
7293.657699666745
7294.828312651293
7295.408763503955
7298.4045484089365
7298.548874452605
7303.189878025015
7304.403743681222
7304.7637707498325
7306.750168990839
7310.543164339098
7315.650632018076
7324.393988124595
7324.84567147497
7328.061814794867
7330.3348750515215
7331.719248804458
7337.132743842033
7355.576088617272
7357.0240158919405
7359.826037720657
7361.222904199766
7366.883136845228
7369.893818282376
7375.917225660505
7386.172538647342
7386.947440287049
7393.405473628982
7409.341973620278
7416.606948747707
7426.12741628024
7452.8937997279845
7522.28920179278
7537.509596904743
7581.132281573111
7741.227161944489
9521.589865188334
Percentile: 1
