6776.473369922908
6827.3339350634815
6848.532047851745
6863.769724844691
6893.995210075827
6910.033426619739
6919.740367969447
6923.088826870638
6925.748488063275
6932.0509245089825
6939.261747800035
6944.256564211674
6947.90625495008
6949.75957033131
6962.662834720481
6968.63246809822
6971.519112699784
6972.020491428111
6974.682291989795
6984.108149331646
6992.489932259203
6995.674095783008
7007.105342415618
7008.35837111889
7010.396349030938
7014.601464879181
7015.939554435524
7017.550779523278
7017.803200013108
7019.003790085265
7020.708904666695
7022.967173041062
7024.807361546738
7025.616221508288
7027.029668132352
7027.1180197698795
7027.290058212761
7027.786010999889
7027.881078156586
7028.784032659514
7036.251063851672
7040.300216700221
7041.474430304946
7042.011663034473
7047.371372619112
7047.887198482329
7048.224617091269
7052.020722204113
7055.237428135976
7056.438389244165
7057.2907721756455
7058.079118259481
7060.153911919544
7062.452139102481
7065.8414526477245
7069.767374532622
7070.60257461176
7072.952146240403
7073.824872729175
7075.170918844371
7080.203692763404
7082.179253265134
7082.2924407609635
7084.2575894799975
7084.264876470075
7087.436144858391
7090.026095424872
7091.312901113411
7092.08572772746
7092.2629565212255
7094.276582006834
7095.548781066998
7095.796914116334
7096.149784882024
7096.570063579702
7097.288347299607
7097.436843617942
7098.153340655856
7098.9284081295455
7099.157310790654
7099.69124608047
7099.743478201697
7099.8358799273055
7100.429987440758
7101.814739965841
7102.6416929068355
7102.685811380313
7103.139849698648
7103.730071879539
7104.258120069843
7105.031054600975
7105.178383654638
7105.204936323987
7105.804611887
7108.222187965652
7108.246816137563
7111.827572388643
7112.031845871645
7114.272031350597
7114.706352667986
7118.67565138785
7119.524938684134
7120.330841333932
7122.312572680558
7122.928645482522
7122.9483420558045
7123.914632237052
7124.924171501625
7124.960074000919
7126.566482934921
7126.582947194037
7126.64168377568
7127.636464907613
7127.80523532968
7128.4659285352645
7129.666892374116
7130.93079688007
7132.279759494957
7133.082678080027
7133.8289806992325
7134.469575466584
7134.833744778361
7135.876136916634
7136.521239934058
7137.914967851212
7138.025753942006
7140.3301346814405
7145.466559394301
7145.5759691068815
7147.246618587971
7150.342446488324
7151.895979465908
7156.563270485065
7158.105371774383
7159.653663697077
7160.022170286965
7163.194482346996
7168.8980720987165
7169.024630331629
7169.112928350208
7169.6549916991025
7169.763657036475
7170.315761560759
7170.349774878938
7170.65372630769
7174.216416131717
7175.729064586176
7175.838229886199
7176.162407062296
7177.356685790546
7177.969051994654
7180.572580073834
7181.232826707134
7182.436609007272
7184.131346187891
7184.845994991037
7185.137225645389
7185.212012649522
7186.5100185101355
7186.947408805656
7188.07604157864
7188.277701386217
7188.815758743253
7189.727380525821
7189.855566922144
7191.3409085013045
7191.777775836602
7194.110206100611
7196.100450098428
7197.746460565239
7199.062211452631
7199.4778668865565
7201.8441191116435
7202.689609509244
7204.903913321852
7205.549076606516
7205.6665268672195
7208.954812004557
7212.7052181953
7214.751510036722
7215.913907494127
7218.229442520328
7218.8260231039185
7219.338325662178
7221.318740807774
7222.3118194715735
7222.880576486637
7223.039571633564
7224.226479186906
7228.591492065686
7228.769427545232
7229.579213835356
7230.253895102005
7233.068590194266
7234.065488208685
7235.876805703924
7235.948489248944
7236.382317881279
7237.274602035644
7238.502068099388
7246.07013064544
7249.999917969207
7250.17135957779
7250.306396385577
7251.519443245593
7251.847453397536
7255.027989014114
7256.576834989421
7260.448093479257
7262.468754305241
7263.897563878617
7267.157243706346
7268.033191618902
7276.6150764256045
7280.749559944412
7281.299112126032
7288.3480421081895
7290.938332983149
7293.636800457597
7294.379186786235
7295.532138635118
7297.991079561744
7299.545869213548
7304.331868641683
7308.247737974612
7311.0964443319135
7312.473294450516
7315.34474337846
7326.764687159918
7329.17658529941
7330.9144595623575
7335.686653793398
7335.794087975826
7338.206054649958
7338.887858277507
7343.767731250795
7345.225235526258
7358.36222343302
7358.525183299708
7359.962807422171
7376.808749479079
7406.402358096553
7418.694667031414
7419.446933208728
7419.78529085721
7435.999766035454
7477.350453187317
7521.430196026482
7525.346794291147
7537.642945588649
9521.849828053808
Percentile: 1
