Percentile: 1
Percentile: 1
Percentile: 1
Percentile: 1
8884.544324376864
8885.08961272793
8904.071687157322
8919.477630212166
8932.015211644777
8933.111735498354
8933.902062035359
8940.710691641472
8943.856211658007
8949.377780842102
8953.310665498399
8953.563787501891
8959.69874927281
8959.72518321754
8960.724282391933
8963.088132830811
8963.143490257879
8963.212823962556
8963.55045868382
8963.651848316482
8964.532004812523
8967.76955295915
8969.345365845049
8970.718742334358
8971.600321946753
8972.86041141277
8974.010120919396
8974.604234622991
8974.61802345945
8975.8449496263
8976.0615902301
8976.212746634763
8976.649489801732
8976.664076604166
8977.520056219146
8978.915030250993
8979.02477943617
8979.15457823601
8979.595792332457
8979.682755536782
8980.52153264733
8982.87815737354
8982.93725891638
8983.254274517618
8985.398902230718
8986.15597631811
8986.755299281294
8987.273349721469
8987.578629210791
8987.684481308434
8987.842642781496
8988.24179205429
8989.819251505172
8991.012069334229
8992.195090436146
8992.45042439124
8992.76226592497
8993.186906264596
8994.183206704101
8994.232691025958
8994.405311434897
8995.618125330013
8995.729790795634
8996.4254920141
8996.658916878852
8996.684174290966
8997.016658069559
8997.401189479944
8998.201383723203
8998.6586021445
8999.74640969586
8999.897376763243
9000.28923304225
9000.464420581613
9000.590948074045
9001.212183567617
9003.385551352523
9004.322800614018
9004.644336911102
9005.8753859721
9006.137027531815
9007.085498700577
9007.191652089425
9008.8189336473
9009.468157716756
9009.950252001456
9010.298675270493
9010.454303910527
9010.57724877559
9010.647651068371
9010.793431990707
9011.128904046966
9011.426846167358
9011.608469866309
9012.70188708441
9012.886848833163
9013.069455410949
9013.488914351781
9013.504125542802
9013.944956165806
9014.656293232494
9015.258655257636
9015.54798320275
9016.040427779484
9016.343743158788
9016.847176079116
9017.080879345995
9017.323532268114
9017.76779151963
9017.781876299669
9018.291309448638
9018.30418350107
9018.374581855585
9018.750849984372
9018.929431647268
9018.936265926637
9018.973321589858
9019.42909607253
9019.870877912079
9019.97793689195
9020.032904615215
9020.071443374629
9020.094549684467
9020.407632938166
9020.559707650858
9020.753930967852
9020.910032271064
9021.148677422898
9021.382342026907
9021.52995850766
9021.916959880453
9023.441445907385
9023.779238392686
9023.846425026222
9023.89646879416
9024.173552212284
9024.61244509995
9024.847235854517
9024.944304473891
9025.250495096652
9025.331957285342
9025.416072122187
9025.649554399977
9026.020733260117
9026.043584759189
9026.282645448695
9027.096544399752
9027.143954569572
9027.504307433093
9027.608897132426
9027.680992760399
9027.825010216306
9028.36160431802
9028.400412950445
9028.434813686441
9028.457552240481
9028.573014080524
9028.958898384786
9029.165312523328
9030.004135001063
9030.408826209816
9030.811292765167
9031.165187386468
9031.182562041227
9031.343708952236
9031.836924401106
9032.043809977518
9032.109342245805
9032.560422478873
9032.616111433317
9032.729550723296
9032.780272006703
9033.25920405166
9033.275427793542
9033.496715722402
9033.726006669373
9033.729600831826
9033.779847558273
9033.974707091336
9034.449627095124
9034.594853548613
9034.601824793088
9034.801989635076
9035.076545510325
9035.285427230876
9035.579417329796
9036.248812028138
9036.272329492762
9036.387367922007
9036.456538761095
9036.62789560618
9036.691744687456
9036.707325000858
9036.828158517232
9036.84753656038
9037.138177018525
9037.413864363125
9037.438128328078
9037.668961837662
9037.973017986456
9038.341567677262
9038.393297939323
9038.748409230722
9038.788233726409
9038.833334885572
9038.874925009608
9039.006673544889
9039.156733929598
9039.185212453769
9039.546956833718
9039.598339736538
9039.798239491389
9039.98094569524
9040.218557550115
9040.782224081855
9041.309705249801
9041.509927085748
9041.660931923749
9041.662256437095
9042.442240467435
9042.986941961562
9043.043282849938
9043.09827781344
9043.173784810555
9043.942370726167
9044.11081341975
9044.456541022058
9044.642432989245
9044.812761932717
9045.09924270311
9045.780846024016
9045.785362412204
9046.043328779051
9046.112861286409
9046.115104829552
9046.194370724194
9046.22333826732
9046.308424179984
9046.337282824232
9046.6998727935
9046.812498499525
9047.180990128469
9047.228937380423
9047.340578136382
9047.352055937694
9047.490695625038
9047.543432635397
9047.661785511182
9048.40783713536
9048.581150997832
9048.811908965456
9048.857360074813
9049.305772337233
9049.535483637917
9049.900589946097
9050.164343439757
9050.200859552717
9050.36585189472
9050.424456887473
9050.451999339504
9050.54713539862
9050.594808463084
9050.663355177448
9050.739126159127
9050.806897210472
9050.830087750532
9050.957986972386
9050.977201956535
9051.04959447647
9051.320354614403
9051.422562331822
9051.700948030251
9051.836617430672
9051.952076555284
9051.95230654137
9051.994338729248
9052.282319913586
9052.564360567867
9052.96617398776
9053.252774712768
9053.554170622063
9053.727339148625
9054.034498935778
9054.15707726827
9054.225956927936
9054.2890001122
9054.319638904071
9054.351684558957
9054.593690361171
9054.664922126825
9054.872937004484
9056.065755976579
9056.200059698776
9056.242040956335
9056.314488063674
9056.510260114926
9056.563208972084
9056.597370050533
9056.699617045455
9056.921676583735
9056.963677685888
9057.665843236238
9057.836236090921
9057.970099361084
9058.12617935714
9058.267305469926
9058.297545105283
9059.165529450082
9059.187694848617
9060.071128023461
9060.577920742511
9060.660819044488
9060.930557262196
9061.245119602172
9061.446645858377
9061.611171206065
9061.630431815209
9061.853412695902
9061.961198568526
9062.02803327749
9062.350627657364
9062.81826275288
9062.962900441928
9063.281987184388
9063.546207238996
9063.555353607882
9063.689292083642
9063.889987769287
9063.891835720598
9064.0440968723
9064.340058799595
9064.468924605524
9064.744495547287
9064.808901733235
9064.858220510558
9064.955188185902
9065.197775016763
9065.272338268278
9065.585069418767
9065.620062447539
9065.694716060054
9065.83596067322
9065.945626862705
9066.099204854983
9066.21851702229
9066.220774818565
9066.360121324213
9066.37023887452
9067.031787154529
9067.045624271093
9067.057297029072
9067.058336792568
9067.246384043456
9067.679154293008
9068.198362471929
9068.216052700782
9068.230962869635
9068.29582642228
9068.66541632715
9068.775609551758
9068.783142633905
9069.227507414018
9069.313487592754
9069.355112319403
9069.420058075715
9069.460879296987
9069.599112196034
9069.675768160101
9069.94222295001
9069.947702088544
9069.989029402022
9070.02968863728
9070.506112173096
9070.53146047632
9070.600672635923
9070.69455271634
9071.051305536657
9071.513574924176
9071.757953326853
9072.12341904642
9072.421300184746
9072.494472323764
9072.778230245112
9073.065356337613
9073.428468730088
9073.491023284425
9073.69485513991
9073.929739064371
9073.930417672344
9073.94728299366
9074.233605652651
9074.236003625676
9074.27067854754
9074.343704414516
9074.414425838395
9074.598880832089
9074.739214268273
9074.74294447735
9074.998289033638
9075.085146394973
9075.111583243039
9075.291696104105
9075.408604489534
9075.579716527289
9075.93710447423
9076.030646015075
9076.210894384696
9076.505500548781
9077.07591021052
9077.098369554977
9077.148326741668
9077.37940347104
9077.608223782772
9077.931532452258
9078.355588374077
9078.566751350987
9078.702822205016
9078.80856854003
9078.880881380157
9079.022189257474
9079.048444083432
9079.07439337354
9079.128555001287
9079.152709426995
9079.360711188205
9079.516064541376
9079.543165914209
9079.706281007702
9079.727082142314
9079.780383815301
9079.97541193681
9080.060236235502
9080.135919077124
9080.167599186238
9080.203770666338
9080.317382083833
9080.775185674442
9080.864959925617
9081.158289770403
9081.356053804762
9081.445399054996
9081.469206649244
9081.518621632742
9081.622151504867
9081.629621903132
9081.69832360622
9082.060122315057
9082.396090202516
9082.43345710267
9083.004395514547
9083.382322230804
9083.761201772095
9083.933103391699
9084.396023364176
9084.50660899931
9084.599783839696
9084.655685608912
9085.221998591165
9085.371296163044
9085.376560329541
9085.489155045792
9085.774278838666
9086.001610021938
9086.050873959573
9086.082740585767
9086.179530395815
9086.227323516454
9086.396242074516
9086.6798925056
9087.308027949348
9087.319402840114
9087.990007190318
9088.143776961733
9088.150410854534
9088.330543064227
9088.352216349394
9088.4513677224
9088.576317392439
9088.713297019014
9088.820692555919
9088.834781388181
9088.848085487823
9089.011190117482
9089.039537347677
9089.254288488757
9089.433635307829
9089.66951905959
9089.784638047035
9090.09968472251
9090.124828664293
9090.148276568545
9090.568631412028
9090.584959149293
9090.630692794139
9090.683352133148
9090.737010818268
9090.791198568488
9090.821574720958
9090.835065425792
9090.997179545508
9091.181255216648
9091.19031120192
9091.924233823624
9091.990336964167
9091.997889693599
9092.021511720668
9092.13390583658
9092.339951908869
9092.367265940647
9092.38826236653
9092.435383173168
9092.436877864573
9092.96968792272
9092.997339161604
9093.141394667593
9093.307521371918
9093.533653475793
9093.595720190631
9093.603780529842
9093.845165941373
9094.271614455416
9094.31025379337
9094.44616893616
9094.512470994707
9094.652400905094
9094.77075483958
9094.777160243486
9094.852455134307
9094.93139752533
9094.969405113094
9095.228784672809
9095.342328153747
9095.486037090224
9095.691521051922
9095.865969087776
9095.964248896255
9096.053109289
9096.291119433701
9096.610546825066
9096.644087075829
9096.668767301095
9096.73490469651
9096.768040868095
9097.130538826439
9097.324341862131
9097.648401853035
9098.098400428134
9098.154552222391
9098.317067295506
9098.452713882265
9098.633684526245
9098.691640966188
9098.822831450145
9098.8959826795
9098.988538999787
9099.885466975156
9099.894688706949
9099.921775191964
9099.95750338975
9100.00922397855
9100.159204022852
9100.375373259312
9101.072423360678
9101.388128127304
9101.404504712917
9101.756299586361
9101.770591085668
9101.876791813855
9101.964567395817
9102.019207445432
9102.10238260417
9102.113613683401
9102.167108793148
9102.232210838687
9102.799787271
9102.934737996431
9103.421576139917
9103.545235396708
9103.560974859865
9103.587865574451
9103.633253217415
9103.87927986833
9104.23010556404
9104.325105435422
9104.354252009762
9104.449669569147
9104.503237139346
9104.646297203617
9104.854018448606
9104.856316197007
9104.920466230718
9105.080642299956
9105.1684614454
9105.199193411161
9105.358280586446
9105.402121685198
9105.601897868246
9105.641906190798
9105.698901262103
9105.861791186739
9105.877371215502
9106.097212822653
9106.204408864149
9106.212170962437
9106.669488415377
9106.992873119823
9107.04448789328
9107.217876724051
9107.42110864637
9107.52063950451
9107.611802710271
9107.661645517994
9107.973464671522
9108.0493759216
9108.134098145683
9108.297884576634
9108.434561557606
9108.577630916481
9108.713317053895
9108.919079713369
9109.301792573167
9109.458931817175
9109.571550304101
9109.796743129722
9110.035686979778
9110.138450121352
9110.379818703546
9110.624702661793
9111.10696722946
9111.657531590887
9112.576393848756
9112.58045286261
9112.700153635897
9112.813030240442
9112.919323389238
9112.966321593385
9113.042343353134
9113.08825905279
9113.473668409335
9114.32701115993
9114.572673568879
9114.715728200626
9114.88611505969
9115.191739116504
9115.237495029492
9115.25267975021
9115.397859766637
9115.478102508323
9115.614454955894
9115.677426094522
9115.707093965188
9116.314684514831
9116.524354843254
9116.603090786894
9116.60784373618
9116.993612411921
9117.09622183936
9117.153479605067
9117.431209204524
9117.533966621437
9117.752037205166
9117.780587631547
9117.9168874128
9118.11370345513
9118.159417320097
9118.176194716987
9118.199191780575
9118.378053230295
9118.632947214608
9118.714410692293
9118.911232403967
9119.343613740108
9119.721319635068
9120.117988402573
9120.22806298559
9120.402310204028
9120.73872106503
9120.839388870743
9120.914456718943
9121.066469183519
9121.142584117546
9121.553631448458
9121.633370323709
9122.108450492524
9122.17073103594
9122.366452362998
9122.619111450142
9122.947297917173
9123.236751360542
9123.257901371184
9123.598063011712
9124.038203482074
9124.043320315272
9124.058154192113
9124.102643572352
9124.211500118017
9124.230121957069
9124.424586286812
9124.748179032242
9124.816959267768
9124.987767512157
9125.070371054513
9125.198874438243
9125.218159512922
9125.253507072552
9125.281810427075
9125.446703552765
9125.47279914209
9125.719543359335
9125.834540732827
9125.844491422347
9125.892543144964
9126.211392579407
9126.23007173412
9126.230591473537
9126.306587210025
9126.64492251894
9126.828955615476
9126.93536422416
9128.002587218281
9128.195565541417
9128.249776757566
9128.862120374119
9129.24382590353
9129.838488060317
9129.912385178217
9130.085218597249
9130.169485494529
9130.439614352845
9130.565345450133
9130.689447908835
9130.704669623166
9130.862374203429
9130.977929469602
9131.001478340106
9131.075307736994
9131.231029353246
9131.334685706554
9131.535852555073
9131.980734156723
9132.068748074715
9132.833756555456
9132.858089039491
9132.988769126958
9133.22687016983
9133.3681848652
9133.417981511444
9134.00324558076
9134.075335774094
9134.589756529016
9134.621742332494
9134.656184533416
9134.696336853389
9134.784753617352
9135.099735950376
9135.163782626438
9135.25986580534
9135.26850826972
9135.296097307275
9136.178153260948
9136.415346162345
9136.701924114503
9137.03734168956
9137.396840067975
9137.485607169334
9137.60856741684
9137.91297987301
9138.215254574045
9138.282430531148
9138.512548493622
9138.521257297525
9138.603400208438
9138.622089015806
9138.83763119581
9138.85716398362
9138.903525711565
9138.909979602235
9139.21345586287
9139.458117334389
9139.573799142585
9139.616781989675
9139.680605089632
9139.68891967166
9140.141264807055
9140.407098628242
9140.432629285418
9140.493045640678
9140.87819217612
9140.962204875437
9141.081800163438
9141.119192233486
9141.431660833889
9141.545659033522
9141.623931361484
9141.887345602363
9141.929084101721
9141.984472871885
9142.074735046968
9142.12349373707
9142.299526239025
9142.317896694554
9142.368376579963
9143.031305569319
9143.15898673821
9143.277621704257
9143.455476122956
9143.535338482498
9143.850127406657
9144.205784591924
9144.476015917944
9144.543157679089
9144.834164180806
9145.190515772403
9145.512377192876
9145.642609890432
9146.142846320676
9146.590356011624
9146.700386564065
9146.902337225403
9147.551498272926
9147.584136801814
9147.966102022718
9148.03367105777
9148.244360847912
9148.655858516315
9148.712503232691
9148.745285994688
9149.020572740015
9149.597728741488
9149.703388781732
9149.873404337157
9149.892439545343
9149.992557263386
9150.062186114641
9150.10299357689
9150.206569513346
9150.259372203886
9150.573489866849
9150.631695813307
9150.866478149368
9151.07178306263
9151.16393749402
9151.728930809468
9151.838993422869
9152.549496427891
9152.700328822866
9152.821236225536
9153.195081552134
9153.337698641788
9153.526306997388
9154.042459661812
9154.241513499426
9154.297194924984
9154.399249029237
9155.036001560353
9155.747046950277
9156.008234133704
9156.104078279806
9156.105571097325
9156.218233671887
9156.223037715845
9156.269719982347
9156.587085956804
9156.90413426753
9157.100889387513
9157.284286612788
9157.348718099076
9158.284832097874
9158.903568916858
9159.028613515507
9159.029291979523
9159.09673421155
9159.260435952554
9159.555692186155
9160.21362180439
9160.691876286755
9161.08471980298
9161.291010254427
9161.451116398897
9161.72824303453
9162.062364338955
9162.083497349393
9162.227977779197
9162.684969109678
9164.52664008008
9164.941003672944
9165.108761227842
9165.571983232405
9165.873646871232
9166.244526640688
9166.33617207246
9166.72247816121
9167.397815944698
9168.30218041034
9169.38916082597
9169.450236833456
9169.528462733826
9169.57162819811
9169.783917892826
9169.887015406946
9170.581280088243
9170.619917122503
9171.13364261061
9171.40757235407
9171.704734615483
9171.955360724296
9172.349983987717
9174.035114190652
9174.172295558747
9174.924095590446
9175.123583072502
9175.2035964208
9175.311144045676
9175.491231480064
9175.951958909523
9176.265967729554
9176.596923673662
9176.81858556194
9177.355604373513
9178.287437052146
9178.41101502099
9178.442618286634
9180.023806305762
9180.189018732985
9180.545760050964
9180.861373545937
9181.577551543125
9181.78090780605
9181.817151591398
9181.887242114668
9181.892307600045
9181.97866848887
9182.272642036294
9182.330121066414
9182.42706318418
9183.484550152612
9184.098310133733
9185.31523504549
9186.404160764272
9186.85536995401
9186.923409718076
9187.543624587066
9187.77752196315
9188.176416680806
9188.334133311364
9188.908672767964
9189.795278105663
9189.860794202155
9190.394012025828
9190.656801348085
9190.687968279357
9191.060926925336
9192.786977467049
9192.855109035485
9193.62158491372
9194.05474647462
9194.319104422759
9195.290435248167
9195.881183225629
9196.377159077818
9197.115605662877
9197.736975188946
9198.379905326507
9199.88405164725
9200.830696167712
9201.14466777776
9201.379550650883
9202.822422551748
9202.849190085542
9203.568449716347
9204.335899847265
9205.554631687324
9208.769007293637
9210.286345066494
9211.874688237729
9211.896227144816
9212.554486679364
9212.739668674709
9214.17150296261
9214.205180955225
9216.258118566155
9217.076284763509
9217.106701115188
9219.899516613938
9220.329806864447
9222.682693066683
9222.885774154514
9223.47460624183
9223.920479128232
9232.462933300074
9232.740680277158
9234.362068194221
9234.738117684654
9235.599065467617
9238.689025388861
9247.935070606653
9252.461301930578
9256.314883975001
9261.552460257053
9269.631618432037
9522.203883677068
9522.203883677068
9522.203883677068
9522.203883677068
