Percentile: 1
Percentile: 1
Percentile: 1
Percentile: 1
6746.329998094941
6774.194398654297
6782.889479567869
6803.606333907083
6809.777991792547
6813.183778007479
6816.988475197811
6827.587360640254
6833.583076413958
6835.361714580349
6839.0541626102
6855.125130721925
6861.356062082344
6864.616560476468
6866.816736168438
6875.902918252661
6876.467556211645
6884.691932432641
6885.361744683041
6888.301286937555
6889.273181558946
6889.649649178256
6889.976998891229
6897.079854193937
6897.425198124466
6903.749303387159
6903.770403695496
6909.318723164961
6912.188852909994
6913.676088594976
6916.119729556035
6919.040825192484
6920.647379709677
6921.10754496625
6922.073207192694
6924.974196149041
6926.921847068797
6931.277638900077
6931.8138227148675
6932.040257453781
6933.017841889071
6933.508515804132
6934.829489972536
6935.265697581763
6936.277694817472
6938.75326076486
6945.762813851397
6947.596867066521
6948.8396941707315
6950.14803894423
6950.354138005296
6951.520045232398
6951.534927440322
6952.758708985334
6952.83001949274
6952.985444283399
6953.5350052098165
6953.785547378712
6954.451841570595
6955.954205437678
6956.228110145873
6958.207741448792
6960.8158582179685
6962.521874653475
6963.746108314663
6964.522776564737
6964.546974145837
6967.7724670591
6968.144861563666
6969.272575288646
6972.600261399824
6972.838288059798
6973.975939789103
6974.110502433299
6976.055622397973
6977.84264026264
6979.792571701157
6983.573225695596
6983.867869042316
6986.53031251186
6987.3184445199295
6989.205342666638
6989.669250885895
6989.8970180512015
6989.919258596364
6990.87245541489
6991.103541580874
6991.862055755272
6991.920316625612
6992.246039078105
6993.387434346084
6993.669539247569
6993.974638542079
6994.677012773643
6995.8904968898
6996.0600602207605
6998.958100686185
6999.4914113908
7000.312164562609
7001.4524505035815
7002.13128106347
7002.993644068446
7003.594064248065
7003.657307042852
7004.952496842711
7005.200582449254
7005.741402210803
7006.0868185455765
7007.323661288696
7008.2800191479655
7011.4493550988045
7011.650889656719
7011.854779821195
7012.598639420178
7013.126779124016
7013.314602855387
7014.027737906053
7014.166251785189
7014.4210215798275
7016.0570132163075
7016.142953751744
7016.27962321402
7016.486138019838
7016.494301471971
7016.975254806238
7017.958026531636
7017.985728385203
7018.144674085205
7018.545080405128
7019.203090207124
7019.264087717961
7021.032614610309
7021.631085715218
7022.327841280015
7023.978074916378
7024.526930105935
7024.9404199125265
7025.5170455664365
7025.60807475641
7026.580533721593
7027.4063113611355
7029.8571448959165
7030.373271614077
7030.978820633536
7031.678186369848
7032.043950211774
7032.451534031819
7032.747876098101
7032.780040772547
7033.07655483453
7033.265887808501
7033.38529629051
7033.706607944855
7034.139814822654
7034.198250410946
7034.313772739847
7034.476585411699
7034.632057380174
7034.824691466043
7035.438403528124
7036.81409677581
7036.99412030224
7037.366978341128
7037.414563985533
7037.582682068104
7037.948729290095
7038.207498097637
7038.267691418006
7038.35849236563
7039.030510339135
7039.249210287696
7039.841116653354
7039.9606345394395
7040.146915630298
7040.438678448975
7040.826366759642
7040.833660086466
7041.002362085952
7041.129429627083
7041.5974212791825
7043.069965501077
7043.649774468603
7043.865941247057
7043.881041978833
7043.91202336138
7044.62260148003
7045.728813894243
7045.902757614631
7046.116522402856
7046.2177207062405
7046.703525727065
7047.028078547639
7047.029507033981
7047.626904513
7047.660734211273
7047.790898468126
7048.855892591698
7050.061060451437
7050.122749951521
7051.499505532044
7052.811083306037
7053.454468133646
7053.588477954328
7053.653737771464
7054.230372186797
7054.382336642146
7055.239905457243
7055.387561681846
7055.7149859968395
7056.211237246547
7056.990450471943
7057.277942855844
7057.4829997528495
7058.118843607554
7058.261250530395
7058.269177804943
7058.537570496488
7058.853717239151
7058.884492467938
7059.808058140117
7060.17201635803
7060.303834448802
7060.517350728506
7060.940569644724
7061.395159213782
7062.772703022033
7062.943799896915
7063.927281194287
7064.651855404007
7064.708002560362
7065.030959305616
7065.124794507369
7065.173702168751
7065.719643013582
7066.195420587162
7066.248257091668
7066.364252155874
7066.540688216504
7067.053394212385
7067.371652294778
7067.450828083532
7067.501174317947
7067.697548050146
7067.776134321174
7068.377262694435
7069.650600256272
7070.146656263023
7070.729122767973
7070.926001710187
7071.259581341834
7072.14645030861
7072.489366380059
7072.575627303674
7073.406871375072
7073.6243469051815
7073.665006299332
7074.0570714491405
7074.84745887587
7075.412395089717
7075.561186497688
7075.838442931954
7077.249428732525
7077.415067363198
7077.597386369762
7077.996923773741
7078.661821165283
7078.690346427567
7079.627384827458
7080.011011336792
7080.414297736272
7080.481790107551
7080.601749506255
7081.160515418058
7081.328718085926
7081.69626496695
7081.767951918966
7082.4240052093965
7083.327893522702
7083.3925421526155
7083.448799051087
7084.3194297013515
7084.372280682661
7085.345516134714
7085.8678282364035
7085.965201267207
7086.17516534551
7086.5668074509795
7086.742312094868
7086.789267538158
7086.86099197461
7087.066594006962
7087.101947962675
7088.271428443048
7088.3629250107115
7088.870844588765
7088.898119864409
7089.1408205855205
7090.2423141707195
7090.370964489951
7090.4059416317195
7090.477857380938
7090.751625712274
7090.948629189865
7091.28232613634
7091.603869061198
7091.613809027853
7091.668451209616
7092.108566550992
7092.28255223082
7092.41377129318
7093.361177568129
7093.576772844094
7093.751386746021
7093.756099983134
7093.9761759304865
7095.972602544324
7096.143127683869
7096.169274625224
7096.225878746779
7096.456378799798
7097.46847279469
7097.571669984305
7098.006886603229
7098.335580282548
7098.368874575359
7098.620336910653
7098.776279070673
7098.890936283575
7099.018413151116
7099.232082366175
7099.584168376504
7099.743795006562
7099.751813957171
7100.397083994799
7100.670090633354
7101.458382139342
7101.582893430591
7101.903690218162
7102.173236027877
7102.5057332528595
7102.893004270194
7103.152291041124
7103.330422767307
7104.9238462951425
7105.976195532377
7106.3880628215165
7106.962391724241
7107.225348391164
7107.944922006204
7107.977557834797
7108.170322382186
7109.29808849355
7109.301440588961
7109.6003313548445
7110.111755327354
7110.181234843276
7110.258282994503
7110.31159078728
7110.576649820417
7110.736858368707
7110.822131810394
7111.070705345243
7111.195588891089
7111.2808715360825
7111.526959834703
7111.7156676977565
7112.424439101696
7112.59655012302
7112.601633197921
7112.725517097813
7112.814365037444
7113.273583528809
7113.756144390749
7113.760133712085
7113.816101115753
7114.144000043336
7114.20056053497
7114.796407318884
7115.994064277682
7116.027221828184
7116.9737106710545
7118.251107578127
7118.392866184623
7118.572464042895
7118.600044245483
7118.703713012326
7119.246459541017
7119.318132068422
7119.684966300459
7119.845646138741
7120.551865090787
7120.781779746125
7120.997874444724
7121.047947271824
7121.049709750723
7122.452304796188
7123.772918280192
7123.885788591232
7124.636067431199
7125.207473924802
7125.5757385137085
7125.750167095285
7125.833568931336
7126.895731783315
7126.918317345806
7128.298688855503
7128.311075570556
7128.814343241872
7128.821803230637
7128.837090353317
7129.335901685914
7129.655778590225
7130.070321162971
7130.430284257718
7130.654683883462
7130.857387757321
7130.98729520342
7131.294033559045
7131.596016529802
7131.5996562379405
7131.699927539495
7131.8721435197385
7132.092196744177
7132.523859466231
7132.620738811972
7133.0946062451985
7133.239822441402
7133.449115374067
7133.599371913979
7133.8432020191985
7133.965352752251
7134.063457494886
7134.166920069014
7134.888046533192
7135.284294230997
7135.376261846697
7135.802340964538
7136.30552173422
7137.6357500066915
7138.528353573371
7139.674759588083
7139.73170360965
7140.239388572409
7140.34597955791
7140.469479021246
7141.604352585117
7141.761289236649
7142.445185573529
7142.537467844924
7142.686736014851
7142.8235556029385
7143.705728918246
7143.734842659466
7144.1034359039295
7144.431585886296
7144.922167191522
7144.9476722872505
7145.809342281168
7146.14168604642
7146.205798094389
7147.030296095332
7147.718004328434
7148.15001953418
7148.234040252081
7148.427570310179
7148.526534639767
7148.551520562581
7148.727978681859
7148.881929485583
7149.063073059824
7149.408046513373
7149.538883411937
7149.818537914301
7150.043964566186
7150.299527727325
7150.643939403384
7150.959526176165
7152.068773615277
7152.168003788055
7152.786591935466
7152.926563147578
7153.440148829384
7153.807496888715
7153.922774842722
7154.038539844416
7154.10445575548
7154.56154906922
7154.576032734943
7154.765797905716
7155.115041801067
7155.132700951822
7155.240992661088
7155.624939367089
7155.888866956137
7156.000358597654
7156.265675691628
7156.501969397376
7156.611199219234
7157.183237196284
7157.508919421741
7158.523946960915
7159.307784200265
7160.150712018359
7160.192134675827
7160.1933032691195
7160.548875226252
7160.6500288774305
7160.949169294811
7161.180774779269
7161.292521585927
7161.481589217848
7162.044344083281
7162.358034212137
7162.503103708991
7163.594004459151
7163.647572856009
7163.860695177581
7164.05966139774
7164.178830116979
7164.46016801692
7164.536028917505
7165.2495644849205
7165.494967214447
7165.64326860673
7166.196543163877
7166.473885892238
7166.686017141968
7167.194455721322
7167.342800153502
7167.80711864207
7168.874874113237
7168.994728991771
7169.173571831432
7169.523470095232
7169.671806710452
7169.790724427276
7169.997048281916
7170.081514105003
7170.210518380075
7170.6374075632375
7170.66425696199
7170.71765848476
7170.9926980363425
7171.403575099252
7171.694616649001
7172.048183292462
7172.085182792044
7172.315531813253
7172.65822342784
7173.387590530656
7173.734172418333
7173.88417723867
7174.076168580229
7174.115518246638
7174.457281520855
7174.53928989568
7175.36724158945
7175.469245786293
7175.92761714636
7176.03733764708
7176.305711200647
7177.140468284133
7177.250491315074
7177.27521362469
7177.424152437921
7177.82900633384
7178.12738324933
7178.325744025133
7178.864743213024
7179.542360105415
7180.022923530219
7180.289293580337
7180.39947650415
7180.754231704879
7181.201811350768
7181.7406785658795
7181.777130413177
7182.264734891145
7182.6618777775
7182.976271475806
7182.9894229315805
7183.034160481075
7183.305666501805
7183.569280743584
7183.7003015308055
7183.857091636228
7183.873184380236
7183.898808104506
7183.906989210143
7184.173376935347
7184.212767451315
7184.309005663046
7184.7802245827
7185.3105586814445
7185.440529418699
7185.505918110988
7186.898321479964
7187.495969730644
7187.801429407611
7188.219101609985
7188.474740958727
7189.662695207235
7189.860921691575
7189.887148038489
7190.0788315207055
7190.0839754049985
7191.397607827548
7191.683624305002
7192.044662924541
7192.05147096453
7192.233639075913
7192.4259827617925
7193.592492041981
7193.67671010573
7193.853664446079
7194.738454553281
7195.504941771592
7196.550926367801
7196.692037122352
7196.817211549289
7197.248664881518
7197.4696510899585
7197.860108533762
7198.407547259585
7198.484550697244
7198.608066764868
7198.850902220096
7199.408318820669
7199.455013475215
7199.487419252179
7200.232185730858
7200.272154208173
7200.319232655528
7200.438912355132
7200.507602011655
7200.820533728295
7200.860169906803
7201.231606932499
7202.014522956504
7202.503535660969
7202.870153794165
7203.161260875396
7203.1782701262355
7203.2081045226805
7203.21602830502
7203.244428126562
7203.3856260978455
7203.76036509248
7203.825054634438
7203.895064286467
7204.641871505259
7204.948386464237
7205.011243643287
7205.053881389706
7205.138609665122
7205.372690404826
7205.389170936332
7205.769134115205
7205.780077401349
7205.929241375371
7206.21336599555
7206.264194810248
7206.417326696066
7206.668265259365
7208.615457461967
7209.108018733779
7209.276766498708
7209.6607926310935
7209.688154018636
7209.816897800419
7210.262995097027
7210.766534219406
7211.627174512257
7211.715344310618
7212.39635684016
7212.646806488475
7213.631472920829
7213.654844078312
7214.241715896573
7214.317880436211
7214.3184738638765
7214.520979672667
7214.816256657039
7215.515253090557
7216.253989963183
7216.890141277536
7217.280912910461
7217.415080952123
7217.477473194064
7218.357033620279
7218.556020320017
7218.81952596286
7218.880403598124
7218.988172280061
7219.191460787893
7219.3755547221635
7219.565957216771
7219.6804752623175
7219.782402334155
7220.144466904582
7220.856238725637
7221.03217887482
7221.348338802548
7221.97515448385
7222.114881719433
7222.225311216906
7222.2710427648235
7222.325698171237
7223.209861368877
7224.345100991346
7224.534865474658
7225.5892103856695
7226.372824798324
7226.407992119358
7226.905526958504
7227.06852758283
7227.432924030086
7228.335064222309
7228.445955290227
7228.624483133602
7228.652219930545
7228.939674093561
7229.103453021431
7229.754708884064
7230.098419894393
7230.392961670511
7230.42983612389
7230.487142586222
7230.542863809624
7231.876573746267
7232.2790593043765
7232.505929414444
7233.001496287652
7233.310370365182
7233.6088337166975
7233.615063067134
7233.808937925966
7233.858268750915
7234.150992075948
7234.342322325587
7234.569173622755
7235.033037346554
7235.652236921496
7236.579819481448
7236.5834494930605
7237.299888801619
7237.542383058509
7237.577257411735
7238.274310449605
7238.935220393865
7239.20931536807
7242.262095741549
7242.272530952337
7242.843866490851
7242.861753582581
7243.088418383176
7243.474188030638
7244.407589077404
7244.425466915206
7244.915978859109
7248.5377947454335
7249.260999831441
7249.367162691934
7249.4353735749955
7249.756720036635
7250.2133218697045
7250.277465584035
7250.5012981705695
7250.605670857161
7250.615245832503
7250.79060376895
7251.520252184879
7251.613149411939
7251.62458820812
7251.861737292016
7252.085864023944
7252.186952531097
7253.459226030496
7253.739751938553
7253.786656616067
7254.52378849942
7254.610759261859
7255.069230461806
7255.126395595626
7255.295456439349
7255.49236495682
7255.601436786401
7255.980389968495
7256.114886820293
7256.28636283294
7256.366519356819
7256.503044256474
7256.766968427428
7257.787091295223
7257.808514151579
7258.3470803749115
7258.347971293771
7258.362342889293
7258.486832553555
7258.760461502339
7258.815395215604
7258.843862193213
7259.268389712977
7259.296446545556
7259.480610702038
7259.72278348206
7260.1102483760915
7261.243108378006
7262.575850007465
7262.843755580861
7263.240419686459
7264.317400108241
7265.728284364878
7265.870346362486
7265.934689325662
7266.114282111744
7266.623678964217
7266.8872443706305
7267.3802404276275
7267.661321076869
7268.168658002189
7268.381075641916
7270.023274254278
7270.958060735048
7271.344913068237
7271.597899550276
7271.630574032538
7271.991629500058
7272.352046289737
7272.598993776645
7272.91632502292
7272.978725002358
7273.03659069596
7273.237239349752
7274.431883023269
7274.86113254069
7275.629531168491
7276.1093751161525
7276.606414819094
7277.011258288141
7277.011866634964
7277.374353248308
7278.036747288409
7278.20325805252
7279.276363017901
7279.346716663363
7279.376153440959
7280.569549764656
7281.112082509303
7281.152762927801
7285.233454263642
7285.718717667739
7285.866543637849
7285.984911155675
7286.563285186232
7286.630903184324
7287.118631668372
7287.649256764889
7287.736627681945
7288.35961013021
7289.356402030437
7290.582576396839
7291.039911270517
7291.331593939683
7291.580104668196
7292.410023311147
7293.43433298966
7293.434629509476
7293.910157328266
7293.973618906817
7294.0592188965575
7294.31678808933
7294.43191607282
7294.967342848001
7296.289068449438
7296.912205533527
7298.471150818288
7298.629820036848
7298.708885767031
7298.952290531445
7299.049851828009
7300.103545884245
7301.066822952905
7302.712341072082
7303.610462109915
7304.258722078896
7305.546658171853
7306.859240314192
7308.77458118209
7309.197933881303
7309.7115080885305
7311.09285318169
7311.8839638889895
7312.344834429525
7312.4708254414145
7313.448443301999
7313.461866491712
7313.7407790578345
7313.915102381376
7314.004811033906
7314.03864154628
7314.788363585572
7315.102621645001
7315.527414976355
7315.648261953364
7316.64384260224
7316.920108731169
7317.017121961153
7317.373658846849
7317.730035897151
7318.369900935361
7318.595791615404
7320.903085099683
7322.528589463296
7323.6065657587515
7325.732957048516
7325.939028139624
7325.9513532433275
7327.451500280939
7327.732540271624
7328.453335853811
7328.814230849869
7329.548377028228
7331.277539657349
7332.254244946321
7332.925842179127
7333.213139312421
7336.3341067635865
7336.594621754454
7338.314755410983
7339.193163260489
7339.203610256215
7340.346100499517
7340.366610848214
7341.281607406162
7341.502314670716
7344.382091706035
7345.576376089839
7346.857865689985
7350.751807238284
7353.069532702134
7355.915869560653
7356.250469494416
7356.415898811839
7356.526127743662
7357.704776693371
7359.050512417876
7359.052826533762
7361.212589164929
7361.437622323384
7361.581512854669
7365.6590943561105
7366.756168262097
7368.344061504929
7369.1052769354865
7369.257629709622
7372.146907072144
7375.91160958613
7375.979031057367
7378.02704925798
7378.060239818121
7380.521081110771
7381.430613519217
7381.843979225112
7383.352948491297
7384.087685566858
7389.8838629910515
7390.207837314261
7390.834082204899
7393.447838100133
7393.544295797081
7394.338825674303
7395.432114409883
7398.8390374538085
7403.172632649759
7411.784007103002
7411.834839460171
7412.199290538196
7414.090727266763
7414.98775983809
7421.166147415506
7424.758869063003
7425.895183337862
7427.133909760064
7429.156165767385
7434.075439464229
7434.939059630359
7435.248247803781
7435.68966511363
7446.429344006158
7451.756006000384
7455.077413049955
7457.622432431604
7471.459487234144
7472.373696274033
7477.814703089162
7494.749550394266
7496.785487086308
7538.386188995815
7597.832650509815
9522.203883677068
9522.203883677068
9522.203883677068
9522.203883677068
