8949.377780842102
8953.563787501891
8963.088132830811
8963.651848316482
8967.76955295915
8974.604234622991
8975.8449496263
8976.0615902301
8979.682755536782
8980.52153264733
8986.755299281294
8987.684481308434
8988.24179205429
8994.232691025958
8996.658916878852
9000.28923304225
9007.085498700577
9010.454303910527
9011.608469866309
9013.504125542802
9013.944956165806
9016.343743158788
9017.080879345995
9018.30418350107
9020.910032271064
9021.52995850766
9024.61244509995
9025.250495096652
9026.020733260117
9026.043584759189
9028.457552240481
9028.573014080524
9030.004135001063
9031.182562041227
9031.343708952236
9032.729550723296
9033.729600831826
9034.594853548613
9034.801989635076
9035.076545510325
9035.285427230876
9036.707325000858
9037.973017986456
9038.341567677262
9038.833334885572
9039.006673544889
9040.218557550115
9041.509927085748
9041.660931923749
9041.662256437095
9043.043282849938
9043.09827781344
9045.09924270311
9045.780846024016
9046.308424179984
9048.811908965456
9048.857360074813
9049.535483637917
9050.594808463084
9050.806897210472
9050.830087750532
9051.836617430672
9053.554170622063
9054.2890001122
9056.200059698776
9056.314488063674
9056.510260114926
9056.563208972084
9056.921676583735
9058.267305469926
9058.297545105283
9060.577920742511
9060.660819044488
9061.446645858377
9061.630431815209
9062.81826275288
9064.955188185902
9065.272338268278
9065.585069418767
9065.620062447539
9069.313487592754
9069.460879296987
9069.599112196034
9070.02968863728
9070.600672635923
9071.051305536657
9073.69485513991
9074.233605652651
9074.27067854754
9074.998289033638
9075.085146394973
9075.111583243039
9075.408604489534
9076.210894384696
9077.07591021052
9077.931532452258
9079.152709426995
9079.543165914209
9079.780383815301
9080.203770666338
9080.864959925617
9081.445399054996
9081.629621903132
9082.43345710267
9084.50660899931
9085.371296163044
9086.082740585767
9086.396242074516
9088.4513677224
9088.848085487823
9089.011190117482
9089.254288488757
9090.124828664293
9090.630692794139
9090.791198568488
9090.997179545508
9091.19031120192
9091.997889693599
9092.38826236653
9093.141394667593
9093.533653475793
9094.852455134307
9094.969405113094
9095.486037090224
9095.865969087776
9096.610546825066
9096.668767301095
9098.988538999787
9099.894688706949
9099.95750338975
9100.00922397855
9100.159204022852
9101.388128127304
9101.756299586361
9101.964567395817
9103.633253217415
9104.646297203617
9104.854018448606
9105.080642299956
9105.861791186739
9107.04448789328
9108.919079713369
9109.301792573167
9109.458931817175
9110.624702661793
9112.58045286261
9112.700153635897
9112.813030240442
9113.473668409335
9114.715728200626
9115.478102508323
9115.614454955894
9116.993612411921
9117.431209204524
9117.780587631547
9117.9168874128
9118.176194716987
9118.378053230295
9118.632947214608
9118.714410692293
9120.117988402573
9120.22806298559
9120.402310204028
9120.73872106503
9122.619111450142
9123.236751360542
9124.038203482074
9124.058154192113
9124.102643572352
9124.748179032242
9125.253507072552
9125.446703552765
9126.23007173412
9126.230591473537
9126.306587210025
9128.002587218281
9128.249776757566
9128.862120374119
9130.169485494529
9130.439614352845
9130.977929469602
9133.22687016983
9134.656184533416
9136.701924114503
9138.512548493622
9138.521257297525
9139.573799142585
9139.680605089632
9140.87819217612
9141.119192233486
9141.545659033522
9141.887345602363
9142.074735046968
9142.12349373707
9142.299526239025
9142.317896694554
9143.031305569319
9143.535338482498
9143.850127406657
9144.543157679089
9145.512377192876
9145.642609890432
9146.902337225403
9147.584136801814
9148.655858516315
9148.712503232691
9149.597728741488
9149.992557263386
9150.062186114641
9153.195081552134
9153.526306997388
9154.241513499426
9155.747046950277
9156.105571097325
9156.269719982347
9156.587085956804
9157.284286612788
9158.284832097874
9159.09673421155
9160.21362180439
9160.691876286755
9161.451116398897
9161.72824303453
9162.083497349393
9164.52664008008
9165.571983232405
9168.30218041034
9169.450236833456
9170.581280088243
9171.40757235407
9175.2035964208
9175.951958909523
9177.355604373513
9178.287437052146
9180.023806305762
9180.189018732985
9183.484550152612
9186.404160764272
9187.77752196315
9189.795278105663
9189.860794202155
9192.855109035485
9194.05474647462
9194.319104422759
9197.736975188946
9202.849190085542
9210.286345066494
9211.896227144816
9219.899516613938
9235.599065467617
9522.203883677068
Percentile: 1
