8885.08961272793
8904.071687157322
8932.015211644777
8940.710691641472
8953.310665498399
8959.69874927281
8963.143490257879
8970.718742334358
8974.010120919396
8974.61802345945
8976.664076604166
8979.02477943617
8982.93725891638
8985.398902230718
8986.15597631811
8987.842642781496
8992.195090436146
8992.76226592497
8993.186906264596
8995.729790795634
8996.4254920141
8998.201383723203
8998.6586021445
9000.464420581613
9001.212183567617
9004.644336911102
9006.137027531815
9009.950252001456
9010.57724877559
9010.793431990707
9011.128904046966
9012.70188708441
9012.886848833163
9014.656293232494
9018.973321589858
9019.97793689195
9020.032904615215
9020.071443374629
9020.094549684467
9020.559707650858
9020.753930967852
9021.148677422898
9021.916959880453
9024.173552212284
9025.331957285342
9027.096544399752
9027.680992760399
9029.165312523328
9030.408826209816
9030.811292765167
9031.836924401106
9032.043809977518
9032.109342245805
9033.496715722402
9033.974707091336
9036.456538761095
9036.828158517232
9038.393297939323
9038.874925009608
9039.598339736538
9039.98094569524
9044.11081341975
9044.812761932717
9045.785362412204
9046.112861286409
9047.543432635397
9049.305772337233
9049.900589946097
9050.164343439757
9050.424456887473
9050.663355177448
9050.977201956535
9053.252774712768
9054.225956927936
9054.664922126825
9054.872937004484
9056.065755976579
9056.699617045455
9056.963677685888
9059.187694848617
9062.350627657364
9062.962900441928
9063.689292083642
9064.0440968723
9064.340058799595
9064.744495547287
9064.858220510558
9066.37023887452
9067.045624271093
9067.246384043456
9068.230962869635
9068.29582642228
9068.775609551758
9069.355112319403
9069.420058075715
9069.94222295001
9070.69455271634
9071.513574924176
9072.421300184746
9072.494472323764
9073.428468730088
9073.491023284425
9073.94728299366
9074.236003625676
9074.414425838395
9075.579716527289
9075.93710447423
9077.098369554977
9077.37940347104
9077.608223782772
9078.880881380157
9079.022189257474
9079.048444083432
9079.360711188205
9079.516064541376
9079.97541193681
9080.135919077124
9082.060122315057
9083.761201772095
9084.655685608912
9085.221998591165
9086.001610021938
9088.576317392439
9089.433635307829
9089.66951905959
9090.09968472251
9090.584959149293
9090.835065425792
9092.021511720668
9092.13390583658
9092.339951908869
9092.367265940647
9092.436877864573
9093.595720190631
9093.603780529842
9094.31025379337
9094.44616893616
9094.652400905094
9094.777160243486
9095.228784672809
9095.342328153747
9095.691521051922
9096.768040868095
9097.324341862131
9098.691640966188
9098.822831450145
9100.375373259312
9101.404504712917
9102.113613683401
9103.560974859865
9104.856316197007
9105.358280586446
9107.611802710271
9107.661645517994
9108.434561557606
9110.035686979778
9110.138450121352
9111.10696722946
9111.657531590887
9114.88611505969
9115.191739116504
9115.237495029492
9115.25267975021
9115.397859766637
9116.314684514831
9116.524354843254
9116.603090786894
9117.153479605067
9117.533966621437
9117.752037205166
9118.199191780575
9119.343613740108
9122.366452362998
9123.598063011712
9124.211500118017
9124.230121957069
9124.424586286812
9124.816959267768
9125.198874438243
9126.828955615476
9129.912385178217
9130.689447908835
9131.535852555073
9133.417981511444
9134.00324558076
9134.589756529016
9134.696336853389
9135.163782626438
9136.178153260948
9137.91297987301
9138.215254574045
9138.603400208438
9138.85716398362
9138.903525711565
9139.616781989675
9140.141264807055
9140.432629285418
9140.493045640678
9140.962204875437
9141.081800163438
9141.431660833889
9141.984472871885
9143.277621704257
9143.455476122956
9144.476015917944
9144.834164180806
9145.190515772403
9146.590356011624
9149.703388781732
9149.892439545343
9150.259372203886
9150.573489866849
9150.866478149368
9151.838993422869
9152.549496427891
9157.100889387513
9161.08471980298
9169.38916082597
9169.57162819811
9170.619917122503
9171.13364261061
9171.704734615483
9176.265967729554
9176.81858556194
9178.41101502099
9178.442618286634
9181.887242114668
9181.892307600045
9186.85536995401
9187.543624587066
9188.176416680806
9188.908672767964
9190.394012025828
9190.687968279357
9191.060926925336
9195.881183225629
9198.379905326507
9200.830696167712
9204.335899847265
9212.554486679364
9212.739668674709
9217.076284763509
9222.682693066683
9232.462933300074
9232.740680277158
9234.738117684654
9238.689025388861
9252.461301930578
9256.314883975001
9269.631618432037
9522.203883677068
Percentile: 1
