8933.902062035359
8959.72518321754
8963.212823962556
8963.55045868382
8964.532004812523
8969.345365845049
8976.212746634763
8977.520056219146
8978.915030250993
8979.595792332457
8987.273349721469
8991.012069334229
8994.405311434897
8995.618125330013
8997.016658069559
9000.590948074045
9003.385551352523
9004.322800614018
9005.8753859721
9010.647651068371
9016.040427779484
9016.847176079116
9017.323532268114
9017.781876299669
9018.374581855585
9018.929431647268
9018.936265926637
9019.870877912079
9023.441445907385
9023.779238392686
9023.846425026222
9024.847235854517
9025.416072122187
9025.649554399977
9026.282645448695
9027.608897132426
9028.434813686441
9028.958898384786
9031.165187386468
9033.726006669373
9033.779847558273
9035.579417329796
9036.248812028138
9036.272329492762
9036.691744687456
9037.413864363125
9037.438128328078
9037.668961837662
9039.156733929598
9039.185212453769
9039.546956833718
9039.798239491389
9040.782224081855
9042.442240467435
9042.986941961562
9044.456541022058
9046.043328779051
9046.194370724194
9046.22333826732
9046.6998727935
9047.340578136382
9047.352055937694
9047.661785511182
9048.581150997832
9050.200859552717
9050.54713539862
9050.957986972386
9051.320354614403
9051.700948030251
9052.282319913586
9052.96617398776
9053.727339148625
9054.034498935778
9054.15707726827
9054.319638904071
9054.593690361171
9057.665843236238
9057.836236090921
9058.12617935714
9060.071128023461
9061.245119602172
9061.611171206065
9061.853412695902
9061.961198568526
9063.889987769287
9064.808901733235
9065.945626862705
9066.21851702229
9066.220774818565
9067.057297029072
9067.058336792568
9067.679154293008
9068.216052700782
9069.227507414018
9069.947702088544
9070.506112173096
9070.53146047632
9071.757953326853
9072.778230245112
9074.343704414516
9074.74294447735
9076.030646015075
9076.505500548781
9078.566751350987
9078.80856854003
9079.07439337354
9079.727082142314
9080.317382083833
9081.158289770403
9081.469206649244
9081.622151504867
9081.69832360622
9083.004395514547
9083.382322230804
9084.396023364176
9084.599783839696
9085.376560329541
9085.489155045792
9086.179530395815
9087.308027949348
9087.990007190318
9088.143776961733
9088.150410854534
9088.330543064227
9088.713297019014
9088.820692555919
9088.834781388181
9089.784638047035
9090.568631412028
9091.181255216648
9092.435383173168
9092.96968792272
9092.997339161604
9093.307521371918
9093.845165941373
9094.512470994707
9094.93139752533
9096.291119433701
9096.73490469651
9097.130538826439
9098.154552222391
9098.452713882265
9099.885466975156
9099.921775191964
9101.072423360678
9101.770591085668
9101.876791813855
9102.10238260417
9102.232210838687
9102.799787271
9103.421576139917
9103.545235396708
9103.587865574451
9103.87927986833
9104.503237139346
9104.920466230718
9105.1684614454
9105.402121685198
9105.601897868246
9105.641906190798
9106.097212822653
9106.204408864149
9106.992873119823
9107.52063950451
9107.973464671522
9108.0493759216
9108.134098145683
9108.297884576634
9108.577630916481
9109.571550304101
9110.379818703546
9112.919323389238
9112.966321593385
9113.042343353134
9114.32701115993
9114.572673568879
9115.677426094522
9118.159417320097
9121.066469183519
9121.142584117546
9121.553631448458
9121.633370323709
9122.108450492524
9122.947297917173
9125.719543359335
9125.834540732827
9125.844491422347
9126.211392579407
9126.64492251894
9126.93536422416
9128.195565541417
9129.24382590353
9130.704669623166
9130.862374203429
9131.231029353246
9131.334685706554
9134.075335774094
9134.621742332494
9135.26850826972
9135.296097307275
9137.396840067975
9137.485607169334
9138.282430531148
9138.909979602235
9139.458117334389
9142.368376579963
9143.15898673821
9146.700386564065
9147.966102022718
9148.244360847912
9148.745285994688
9149.020572740015
9150.10299357689
9150.206569513346
9150.631695813307
9151.07178306263
9151.728930809468
9152.821236225536
9154.297194924984
9156.008234133704
9156.218233671887
9156.223037715845
9157.348718099076
9159.260435952554
9159.555692186155
9162.227977779197
9162.684969109678
9164.941003672944
9165.108761227842
9165.873646871232
9166.244526640688
9169.528462733826
9169.783917892826
9171.955360724296
9175.123583072502
9175.311144045676
9175.491231480064
9181.817151591398
9181.97866848887
9182.42706318418
9185.31523504549
9192.786977467049
9193.62158491372
9196.377159077818
9197.115605662877
9201.14466777776
9208.769007293637
9223.47460624183
9223.920479128232
9247.935070606653
9522.203883677068
Percentile: 1
