8884.544324376864
8919.477630212166
8933.111735498354
8943.856211658007
8960.724282391933
8971.600321946753
8972.86041141277
8976.649489801732
8979.15457823601
8982.87815737354
8983.254274517618
8987.578629210791
8989.819251505172
8992.45042439124
8994.183206704101
8996.684174290966
8997.401189479944
8999.74640969586
8999.897376763243
9007.191652089425
9008.8189336473
9009.468157716756
9010.298675270493
9011.426846167358
9013.069455410949
9013.488914351781
9015.258655257636
9015.54798320275
9017.76779151963
9018.291309448638
9018.750849984372
9019.42909607253
9020.407632938166
9021.382342026907
9023.89646879416
9024.944304473891
9027.143954569572
9027.504307433093
9027.825010216306
9028.36160431802
9028.400412950445
9032.560422478873
9032.616111433317
9032.780272006703
9033.25920405166
9033.275427793542
9034.449627095124
9034.601824793088
9036.387367922007
9036.62789560618
9036.84753656038
9037.138177018525
9038.748409230722
9038.788233726409
9041.309705249801
9043.173784810555
9043.942370726167
9044.642432989245
9046.115104829552
9046.337282824232
9046.812498499525
9047.180990128469
9047.228937380423
9047.490695625038
9048.40783713536
9050.36585189472
9050.451999339504
9050.739126159127
9051.04959447647
9051.422562331822
9051.952076555284
9051.95230654137
9051.994338729248
9052.564360567867
9054.351684558957
9056.242040956335
9056.597370050533
9057.970099361084
9059.165529450082
9060.930557262196
9062.02803327749
9063.281987184388
9063.546207238996
9063.555353607882
9063.891835720598
9064.468924605524
9065.197775016763
9065.694716060054
9065.83596067322
9066.099204854983
9066.360121324213
9067.031787154529
9068.198362471929
9068.66541632715
9068.783142633905
9069.675768160101
9069.989029402022
9072.12341904642
9073.065356337613
9073.929739064371
9073.930417672344
9074.598880832089
9074.739214268273
9075.291696104105
9077.148326741668
9078.355588374077
9078.702822205016
9079.128555001287
9079.706281007702
9080.060236235502
9080.167599186238
9080.775185674442
9081.356053804762
9081.518621632742
9082.396090202516
9083.933103391699
9085.774278838666
9086.050873959573
9086.227323516454
9086.6798925056
9087.319402840114
9088.352216349394
9089.039537347677
9090.148276568545
9090.683352133148
9090.737010818268
9090.821574720958
9091.924233823624
9091.990336964167
9094.271614455416
9094.77075483958
9095.964248896255
9096.053109289
9096.644087075829
9097.648401853035
9098.098400428134
9098.317067295506
9098.633684526245
9098.8959826795
9102.019207445432
9102.167108793148
9102.934737996431
9104.23010556404
9104.325105435422
9104.354252009762
9104.449669569147
9105.199193411161
9105.698901262103
9105.877371215502
9106.212170962437
9106.669488415377
9107.217876724051
9107.42110864637
9108.713317053895
9109.796743129722
9112.576393848756
9113.08825905279
9115.707093965188
9116.60784373618
9117.09622183936
9118.11370345513
9118.911232403967
9119.721319635068
9120.839388870743
9120.914456718943
9122.17073103594
9123.257901371184
9124.043320315272
9124.987767512157
9125.070371054513
9125.218159512922
9125.281810427075
9125.47279914209
9125.892543144964
9129.838488060317
9130.085218597249
9130.565345450133
9131.001478340106
9131.075307736994
9131.980734156723
9132.068748074715
9132.833756555456
9132.858089039491
9132.988769126958
9133.3681848652
9134.784753617352
9135.099735950376
9135.25986580534
9136.415346162345
9137.03734168956
9137.60856741684
9138.622089015806
9138.83763119581
9139.21345586287
9139.68891967166
9140.407098628242
9141.623931361484
9141.929084101721
9144.205784591924
9146.142846320676
9147.551498272926
9148.03367105777
9149.873404337157
9151.16393749402
9152.700328822866
9153.337698641788
9154.042459661812
9154.399249029237
9155.036001560353
9156.104078279806
9156.90413426753
9158.903568916858
9159.028613515507
9159.029291979523
9161.291010254427
9162.062364338955
9166.33617207246
9166.72247816121
9167.397815944698
9169.887015406946
9172.349983987717
9174.035114190652
9174.172295558747
9174.924095590446
9176.596923673662
9180.545760050964
9180.861373545937
9181.577551543125
9181.78090780605
9182.272642036294
9182.330121066414
9184.098310133733
9186.923409718076
9188.334133311364
9190.656801348085
9195.290435248167
9199.88405164725
9201.379550650883
9202.822422551748
9203.568449716347
9205.554631687324
9211.874688237729
9214.17150296261
9214.205180955225
9216.258118566155
9217.106701115188
9220.329806864447
9222.885774154514
9234.362068194221
9261.552460257053
9522.203883677068
Percentile: 1
