6746.329998094941
6782.889479567869
6833.583076413958
6855.125130721925
6861.356062082344
6864.616560476468
6875.902918252661
6884.691932432641
6885.361744683041
6889.649649178256
6897.425198124466
6903.749303387159
6909.318723164961
6916.119729556035
6920.647379709677
6931.277638900077
6931.8138227148675
6947.596867066521
6951.534927440322
6952.985444283399
6955.954205437678
6956.228110145873
6967.7724670591
6974.110502433299
6976.055622397973
6977.84264026264
6990.87245541489
6993.387434346084
6994.677012773643
7001.4524505035815
7002.993644068446
7003.657307042852
7008.2800191479655
7014.4210215798275
7017.958026531636
7021.032614610309
7021.631085715218
7024.9404199125265
7030.373271614077
7031.678186369848
7032.043950211774
7032.451534031819
7033.07655483453
7033.265887808501
7033.38529629051
7034.313772739847
7034.476585411699
7036.81409677581
7037.582682068104
7037.948729290095
7038.35849236563
7039.030510339135
7039.9606345394395
7040.826366759642
7043.881041978833
7045.728813894243
7047.028078547639
7047.660734211273
7048.855892591698
7050.122749951521
7053.454468133646
7054.382336642146
7055.239905457243
7056.211237246547
7057.277942855844
7058.118843607554
7058.261250530395
7059.808058140117
7065.173702168751
7065.719643013582
7067.501174317947
7069.650600256272
7070.729122767973
7070.926001710187
7072.14645030861
7072.489366380059
7073.665006299332
7075.412395089717
7075.561186497688
7078.690346427567
7079.627384827458
7080.414297736272
7080.601749506255
7084.372280682661
7086.5668074509795
7088.271428443048
7090.2423141707195
7090.948629189865
7091.28232613634
7093.576772844094
7093.751386746021
7093.756099983134
7093.9761759304865
7097.46847279469
7101.458382139342
7101.903690218162
7104.9238462951425
7110.736858368707
7110.822131810394
7111.070705345243
7112.725517097813
7113.816101115753
7119.318132068422
7120.551865090787
7125.5757385137085
7125.750167095285
7125.833568931336
7126.895731783315
7128.814343241872
7128.821803230637
7130.857387757321
7131.596016529802
7132.620738811972
7133.0946062451985
7134.063457494886
7134.888046533192
7135.284294230997
7135.802340964538
7140.34597955791
7144.922167191522
7144.9476722872505
7145.809342281168
7148.551520562581
7148.881929485583
7149.063073059824
7149.818537914301
7150.643939403384
7155.132700951822
7156.265675691628
7158.523946960915
7161.180774779269
7162.044344083281
7163.647572856009
7163.860695177581
7164.05966139774
7165.2495644849205
7167.194455721322
7169.671806710452
7169.790724427276
7169.997048281916
7170.6374075632375
7170.71765848476
7172.085182792044
7172.315531813253
7172.65822342784
7173.88417723867
7174.115518246638
7174.457281520855
7174.53928989568
7177.27521362469
7177.424152437921
7178.12738324933
7182.976271475806
7184.173376935347
7185.3105586814445
7188.219101609985
7189.887148038489
7190.0839754049985
7192.05147096453
7195.504941771592
7198.608066764868
7200.438912355132
7200.860169906803
7203.21602830502
7203.76036509248
7204.641871505259
7205.389170936332
7209.276766498708
7209.6607926310935
7209.688154018636
7210.766534219406
7211.715344310618
7212.39635684016
7212.646806488475
7213.631472920829
7214.520979672667
7214.816256657039
7217.415080952123
7217.477473194064
7218.880403598124
7218.988172280061
7219.782402334155
7220.144466904582
7220.856238725637
7226.905526958504
7227.432924030086
7230.542863809624
7232.505929414444
7242.843866490851
7244.407589077404
7244.915978859109
7248.5377947454335
7250.2133218697045
7255.601436786401
7255.980389968495
7256.28636283294
7256.503044256474
7258.3470803749115
7258.362342889293
7263.240419686459
7265.728284364878
7265.934689325662
7267.3802404276275
7272.352046289737
7272.598993776645
7272.978725002358
7275.629531168491
7277.011866634964
7281.152762927801
7286.563285186232
7287.118631668372
7288.35961013021
7289.356402030437
7290.582576396839
7291.331593939683
7291.580104668196
7293.43433298966
7294.31678808933
7303.610462109915
7305.546658171853
7313.461866491712
7317.017121961153
7317.730035897151
7318.369900935361
7325.732957048516
7332.925842179127
7339.203610256215
7344.382091706035
7345.576376089839
7346.857865689985
7350.751807238284
7353.069532702134
7355.915869560653
7361.212589164929
7361.437622323384
7361.581512854669
7365.6590943561105
7369.1052769354865
7378.060239818121
7380.521081110771
7381.843979225112
7393.447838100133
7414.090727266763
7427.133909760064
7434.939059630359
7446.429344006158
7451.756006000384
7455.077413049955
7471.459487234144
7538.386188995815
9522.203883677068
Percentile: 1
