6813.183778007479
6839.0541626102
6866.816736168438
6888.301286937555
6889.976998891229
6913.676088594976
6926.921847068797
6932.040257453781
6933.508515804132
6945.762813851397
6948.8396941707315
6950.354138005296
6952.83001949274
6963.746108314663
6964.546974145837
6968.144861563666
6972.600261399824
6973.975939789103
6983.867869042316
6987.3184445199295
6989.669250885895
6996.0600602207605
7002.13128106347
7011.4493550988045
7011.650889656719
7014.027737906053
7016.0570132163075
7016.486138019838
7016.975254806238
7019.203090207124
7019.264087717961
7022.327841280015
7025.5170455664365
7026.580533721593
7029.8571448959165
7030.978820633536
7035.438403528124
7038.207498097637
7040.833660086466
7043.649774468603
7043.865941247057
7044.62260148003
7046.2177207062405
7047.029507033981
7047.790898468126
7051.499505532044
7052.811083306037
7057.4829997528495
7058.884492467938
7061.395159213782
7064.708002560362
7066.248257091668
7066.364252155874
7066.540688216504
7067.053394212385
7067.697548050146
7070.146656263023
7074.0570714491405
7074.84745887587
7077.996923773741
7080.481790107551
7081.69626496695
7081.767951918966
7082.4240052093965
7085.8678282364035
7088.3629250107115
7090.751625712274
7091.668451209616
7093.361177568129
7095.972602544324
7096.169274625224
7098.335580282548
7098.890936283575
7099.018413151116
7099.743795006562
7100.397083994799
7101.582893430591
7102.893004270194
7107.225348391164
7109.6003313548445
7110.111755327354
7110.258282994503
7112.814365037444
7113.760133712085
7114.20056053497
7115.994064277682
7116.027221828184
7118.703713012326
7119.845646138741
7124.636067431199
7128.298688855503
7128.837090353317
7129.335901685914
7130.98729520342
7132.092196744177
7133.8432020191985
7133.965352752251
7141.761289236649
7142.537467844924
7142.686736014851
7143.705728918246
7144.1034359039295
7147.718004328434
7148.234040252081
7148.526534639767
7149.538883411937
7150.299527727325
7150.959526176165
7154.10445575548
7154.576032734943
7155.115041801067
7156.501969397376
7157.183237196284
7159.307784200265
7160.150712018359
7160.192134675827
7160.6500288774305
7161.481589217848
7164.536028917505
7166.196543163877
7166.473885892238
7170.66425696199
7171.403575099252
7171.694616649001
7173.387590530656
7176.305711200647
7177.82900633384
7178.325744025133
7179.542360105415
7181.201811350768
7181.7406785658795
7182.264734891145
7182.6618777775
7183.906989210143
7184.309005663046
7186.898321479964
7189.860921691575
7190.0788315207055
7192.044662924541
7193.67671010573
7197.248664881518
7197.4696510899585
7198.407547259585
7198.484550697244
7199.408318820669
7199.487419252179
7200.232185730858
7200.272154208173
7200.507602011655
7200.820533728295
7202.870153794165
7203.1782701262355
7203.244428126562
7203.825054634438
7205.138609665122
7205.929241375371
7206.21336599555
7206.417326696066
7209.108018733779
7209.816897800419
7210.262995097027
7213.654844078312
7214.317880436211
7216.253989963183
7217.280912910461
7218.357033620279
7218.556020320017
7218.81952596286
7219.3755547221635
7219.565957216771
7219.6804752623175
7222.225311216906
7224.534865474658
7225.5892103856695
7226.407992119358
7228.939674093561
7229.754708884064
7230.42983612389
7232.2790593043765
7233.6088337166975
7234.150992075948
7237.577257411735
7239.20931536807
7242.262095741549
7242.272530952337
7242.861753582581
7243.088418383176
7244.425466915206
7249.4353735749955
7250.5012981705695
7250.79060376895
7251.861737292016
7254.52378849942
7255.49236495682
7256.114886820293
7258.347971293771
7258.486832553555
7258.760461502339
7258.815395215604
7259.296446545556
7259.480610702038
7264.317400108241
7267.661321076869
7268.168658002189
7270.023274254278
7271.991629500058
7272.91632502292
7273.03659069596
7274.431883023269
7274.86113254069
7277.374353248308
7285.718717667739
7285.866543637849
7286.630903184324
7287.649256764889
7292.410023311147
7294.43191607282
7298.952290531445
7299.049851828009
7301.066822952905
7304.258722078896
7309.197933881303
7315.527414976355
7315.648261953364
7316.64384260224
7317.373658846849
7322.528589463296
7328.453335853811
7328.814230849869
7329.548377028228
7333.213139312421
7336.3341067635865
7338.314755410983
7341.502314670716
7356.250469494416
7356.415898811839
7357.704776693371
7359.050512417876
7359.052826533762
7366.756168262097
7369.257629709622
7375.979031057367
7398.8390374538085
7403.172632649759
7411.834839460171
7414.98775983809
7424.758869063003
7429.156165767385
7434.075439464229
7457.622432431604
9522.203883677068
Percentile: 1
