6803.606333907083
6876.467556211645
6912.188852909994
6919.040825192484
6922.073207192694
6924.974196149041
6934.829489972536
6936.277694817472
6954.451841570595
6960.8158582179685
6983.573225695596
6989.205342666638
6989.919258596364
6991.920316625612
6993.974638542079
6998.958100686185
7000.312164562609
7005.200582449254
7005.741402210803
7006.0868185455765
7012.598639420178
7013.314602855387
7014.166251785189
7016.142953751744
7016.27962321402
7024.526930105935
7032.747876098101
7032.780040772547
7034.198250410946
7034.824691466043
7039.841116653354
7040.146915630298
7041.002362085952
7041.129429627083
7043.069965501077
7043.91202336138
7045.902757614631
7046.116522402856
7046.703525727065
7053.588477954328
7053.653737771464
7054.230372186797
7058.269177804943
7058.853717239151
7060.17201635803
7060.303834448802
7060.940569644724
7062.772703022033
7064.651855404007
7066.195420587162
7067.371652294778
7071.259581341834
7073.6243469051815
7077.249428732525
7080.011011336792
7081.160515418058
7081.328718085926
7083.327893522702
7083.3925421526155
7083.448799051087
7084.3194297013515
7086.789267538158
7088.898119864409
7089.1408205855205
7090.370964489951
7090.477857380938
7091.603869061198
7091.613809027853
7092.41377129318
7096.143127683869
7098.006886603229
7099.584168376504
7099.751813957171
7100.670090633354
7106.3880628215165
7106.962391724241
7107.944922006204
7107.977557834797
7109.29808849355
7109.301440588961
7110.181234843276
7112.601633197921
7113.273583528809
7114.144000043336
7114.796407318884
7116.9737106710545
7118.251107578127
7118.600044245483
7119.246459541017
7120.997874444724
7121.049709750723
7123.772918280192
7125.207473924802
7126.918317345806
7130.430284257718
7131.5996562379405
7132.523859466231
7133.239822441402
7133.449115374067
7135.376261846697
7136.30552173422
7137.6357500066915
7139.674759588083
7139.73170360965
7140.469479021246
7141.604352585117
7142.445185573529
7142.8235556029385
7143.734842659466
7144.431585886296
7146.205798094389
7147.030296095332
7148.15001953418
7149.408046513373
7152.786591935466
7152.926563147578
7153.440148829384
7154.038539844416
7154.765797905716
7155.888866956137
7157.508919421741
7160.1933032691195
7160.548875226252
7160.949169294811
7161.292521585927
7162.358034212137
7162.503103708991
7163.594004459151
7164.178830116979
7164.46016801692
7165.64326860673
7167.80711864207
7168.874874113237
7168.994728991771
7170.081514105003
7173.734172418333
7175.92761714636
7176.03733764708
7177.140468284133
7178.864743213024
7180.022923530219
7180.39947650415
7180.754231704879
7183.305666501805
7183.7003015308055
7184.212767451315
7184.7802245827
7185.440529418699
7187.801429407611
7189.662695207235
7192.4259827617925
7193.592492041981
7194.738454553281
7196.692037122352
7199.455013475215
7200.319232655528
7202.014522956504
7202.503535660969
7203.161260875396
7203.895064286467
7204.948386464237
7205.011243643287
7205.053881389706
7205.372690404826
7205.780077401349
7211.627174512257
7214.241715896573
7214.3184738638765
7216.890141277536
7219.191460787893
7221.03217887482
7222.114881719433
7222.325698171237
7223.209861368877
7224.345100991346
7228.445955290227
7228.624483133602
7228.652219930545
7230.098419894393
7230.392961670511
7230.487142586222
7233.615063067134
7233.808937925966
7233.858268750915
7234.342322325587
7236.579819481448
7236.5834494930605
7238.935220393865
7243.474188030638
7249.260999831441
7249.756720036635
7252.085864023944
7252.186952531097
7253.459226030496
7254.610759261859
7255.069230461806
7255.126395595626
7256.366519356819
7256.766968427428
7257.787091295223
7262.575850007465
7265.870346362486
7266.8872443706305
7268.381075641916
7271.344913068237
7273.237239349752
7276.1093751161525
7276.606414819094
7278.20325805252
7279.346716663363
7279.376153440959
7280.569549764656
7281.112082509303
7285.233454263642
7285.984911155675
7293.434629509476
7293.973618906817
7294.0592188965575
7294.967342848001
7298.471150818288
7298.629820036848
7298.708885767031
7300.103545884245
7306.859240314192
7309.7115080885305
7312.344834429525
7312.4708254414145
7313.7407790578345
7313.915102381376
7314.03864154628
7316.920108731169
7325.939028139624
7332.254244946321
7340.346100499517
7340.366610848214
7341.281607406162
7372.146907072144
7378.02704925798
7381.430613519217
7384.087685566858
7390.207837314261
7393.544295797081
7394.338825674303
7421.166147415506
7435.248247803781
7472.373696274033
7477.814703089162
7494.749550394266
7496.785487086308
7597.832650509815
9522.203883677068
Percentile: 1
