6774.194398654297
6809.777991792547
6816.988475197811
6827.587360640254
6835.361714580349
6889.273181558946
6897.079854193937
6903.770403695496
6921.10754496625
6933.017841889071
6935.265697581763
6938.75326076486
6950.14803894423
6951.520045232398
6952.758708985334
6953.5350052098165
6953.785547378712
6958.207741448792
6962.521874653475
6964.522776564737
6969.272575288646
6972.838288059798
6979.792571701157
6986.53031251186
6989.8970180512015
6991.103541580874
6991.862055755272
6992.246039078105
6993.669539247569
6995.8904968898
6999.4914113908
7003.594064248065
7004.952496842711
7007.323661288696
7011.854779821195
7013.126779124016
7016.494301471971
7017.985728385203
7018.144674085205
7018.545080405128
7023.978074916378
7025.60807475641
7027.4063113611355
7033.706607944855
7034.139814822654
7034.632057380174
7036.99412030224
7037.366978341128
7037.414563985533
7038.267691418006
7039.249210287696
7040.438678448975
7041.5974212791825
7047.626904513
7050.061060451437
7055.387561681846
7055.7149859968395
7056.990450471943
7058.537570496488
7060.517350728506
7062.943799896915
7063.927281194287
7065.030959305616
7065.124794507369
7067.450828083532
7067.776134321174
7068.377262694435
7072.575627303674
7073.406871375072
7075.838442931954
7077.415067363198
7077.597386369762
7078.661821165283
7085.345516134714
7085.965201267207
7086.17516534551
7086.742312094868
7086.86099197461
7087.066594006962
7087.101947962675
7088.870844588765
7090.4059416317195
7092.108566550992
7092.28255223082
7096.225878746779
7096.456378799798
7097.571669984305
7098.368874575359
7098.620336910653
7098.776279070673
7099.232082366175
7102.173236027877
7102.5057332528595
7103.152291041124
7103.330422767307
7105.976195532377
7108.170322382186
7110.31159078728
7110.576649820417
7111.195588891089
7111.2808715360825
7111.526959834703
7111.7156676977565
7112.424439101696
7112.59655012302
7113.756144390749
7118.392866184623
7118.572464042895
7119.684966300459
7120.781779746125
7121.047947271824
7122.452304796188
7123.885788591232
7128.311075570556
7129.655778590225
7130.070321162971
7130.654683883462
7131.294033559045
7131.699927539495
7131.8721435197385
7133.599371913979
7134.166920069014
7138.528353573371
7140.239388572409
7146.14168604642
7148.427570310179
7148.727978681859
7150.043964566186
7152.068773615277
7152.168003788055
7153.807496888715
7153.922774842722
7154.56154906922
7155.240992661088
7155.624939367089
7156.000358597654
7156.611199219234
7165.494967214447
7166.686017141968
7167.342800153502
7169.173571831432
7169.523470095232
7170.210518380075
7170.9926980363425
7172.048183292462
7174.076168580229
7175.36724158945
7175.469245786293
7177.250491315074
7180.289293580337
7181.777130413177
7182.9894229315805
7183.034160481075
7183.569280743584
7183.857091636228
7183.873184380236
7183.898808104506
7185.505918110988
7187.495969730644
7188.474740958727
7191.397607827548
7191.683624305002
7192.233639075913
7193.853664446079
7196.550926367801
7196.817211549289
7197.860108533762
7198.850902220096
7201.231606932499
7203.2081045226805
7203.3856260978455
7205.769134115205
7206.264194810248
7206.668265259365
7208.615457461967
7215.515253090557
7221.348338802548
7221.97515448385
7222.2710427648235
7226.372824798324
7227.06852758283
7228.335064222309
7229.103453021431
7231.876573746267
7233.001496287652
7233.310370365182
7234.569173622755
7235.033037346554
7235.652236921496
7237.299888801619
7237.542383058509
7238.274310449605
7249.367162691934
7250.277465584035
7250.605670857161
7250.615245832503
7251.520252184879
7251.613149411939
7251.62458820812
7253.739751938553
7253.786656616067
7255.295456439349
7257.808514151579
7258.843862193213
7259.268389712977
7259.72278348206
7260.1102483760915
7261.243108378006
7262.843755580861
7266.114282111744
7266.623678964217
7270.958060735048
7271.597899550276
7271.630574032538
7277.011258288141
7278.036747288409
7279.276363017901
7287.736627681945
7291.039911270517
7293.910157328266
7296.289068449438
7296.912205533527
7302.712341072082
7308.77458118209
7311.09285318169
7311.8839638889895
7313.448443301999
7314.004811033906
7314.788363585572
7315.102621645001
7318.595791615404
7320.903085099683
7323.6065657587515
7325.9513532433275
7327.451500280939
7327.732540271624
7331.277539657349
7336.594621754454
7339.193163260489
7356.526127743662
7368.344061504929
7375.91160958613
7383.352948491297
7389.8838629910515
7390.834082204899
7395.432114409883
7411.784007103002
7412.199290538196
7425.895183337862
7435.68966511363
9522.203883677068
Percentile: 1
