6697.239723504743
6738.653239098647
6741.769335891101
6759.09667147494
6799.950846205083
6805.151258407562
6810.014360355326
6818.042478261476
6831.588277588858
6831.657092659411
6832.036712444797
6834.653040453162
6841.477305995565
6852.005684512885
6864.054763211829
6867.803171380905
6868.543895987189
6882.585781787168
6884.982553861154
6885.845159486679
6888.384105816545
6888.743687161552
6894.93165413062
6903.511074540054
6908.599059594337
6919.949727612075
6921.934914603831
6931.6404476734115
6932.431662566233
6933.212468877104
6933.407131857065
6938.881604789917
6940.518405860152
6942.912714361594
6946.670765054528
6947.640690314017
6950.196825630147
6954.952826014883
6955.6968544992615
6958.098435419016
6958.68495756514
6959.114496741387
6959.575442166944
6964.409797782658
6968.369743812706
6969.460693631019
6970.935448554451
6974.88978882699
6976.644070203923
6977.055647610209
6980.923782138391
6986.989128912087
6989.108011877105
6989.275779334379
6990.157072999029
6995.968014697921
6997.676370235734
6998.424199613328
7002.409958757541
7005.686507410669
7008.029922634591
7010.203281466069
7012.86612724497
7014.468974296158
7016.054557505916
7018.468083128001
7018.661024905397
7019.6596067470655
7021.61777763696
7021.742713060787
7022.47551142597
7023.975285414762
7025.556243210669
7026.795777793729
7030.911983959636
7031.600531970422
7032.428229727822
7037.240874488943
7037.8819605838
7039.564742536333
7040.102333647293
7040.695552128563
7040.821852484747
7042.56539754774
7044.129764526594
7044.3593910861455
7044.452385216421
7044.565569849512
7046.513984473244
7046.750783500506
7047.499366066546
7048.084224004631
7048.697845042617
7048.741178574117
7052.284151390057
7053.113820891528
7054.172050659406
7057.582798979599
7057.774962167511
7058.175277561291
7058.644853299863
7060.255650430074
7061.620155225222
7061.6776864535395
7064.3473425694565
7066.071269239613
7066.875063074388
7068.395251521464
7069.487009745755
7069.594255868169
7069.791052446547
7070.724382495258
7070.793566159847
7072.731918369035
7074.106367413241
7074.329716404052
7075.303090414986
7078.50880231283
7079.05180327565
7079.541831036404
7082.183262419773
7084.052318958249
7084.683257919347
7085.977285608959
7086.871185746589
7087.394770666717
7087.677315096775
7087.936099389013
7089.1197788456175
7089.659294275066
7089.9877685666725
7091.737347870457
7092.664787623842
7093.734784675409
7094.767773255097
7095.151896489839
7095.320222938181
7095.446701173678
7095.595996203269
7096.868605180532
7097.328464692031
7097.629576668246
7098.8174136322805
7102.855984587919
7103.715054575717
7104.651207714064
7105.316338633683
7106.63546459258
7109.83820033739
7111.32520903172
7113.3978572657925
7113.762551646708
7114.194987804843
7115.3487143824905
7116.816197294889
7117.453570523063
7118.4039482232965
7119.06863438035
7119.338563439536
7119.691287945794
7120.114711618506
7120.170024182161
7120.210582971632
7120.671209337872
7122.956313039573
7122.989664032039
7127.191707394254
7127.8531041133
7128.096318486817
7130.202796052996
7131.066391154081
7131.872104299213
7136.522841324177
7137.030104117373
7137.664747896197
7138.024990611294
7138.064314664799
7138.344797846303
7138.575181062361
7140.874724554816
7145.577144233851
7145.580090970255
7146.752405657782
7147.139338502944
7148.338970633239
7148.398187213722
7150.235792899278
7151.06203621234
7151.441574621282
7151.442836670419
7152.196550137971
7152.625094526314
7152.828506229829
7153.3185136301145
7157.500238996552
7157.538384263721
7157.558132074481
7158.726242816579
7159.874197445005
7160.868919418021
7162.502407999336
7162.651165715434
7162.994132354163
7163.3735631098325
7163.761487340264
7164.016091747352
7164.145631249257
7165.754629008907
7167.390521351871
7167.747508951553
7169.079610604171
7169.3383076601685
7170.171830152766
7170.328275527997
7171.476925919408
7172.374863093279
7172.670519268955
7172.685316294448
7172.810373035353
7173.233981023347
7173.877485732394
7173.963639964401
7174.166136543529
7174.644924017762
7175.6895830500025
7176.388683051738
7178.318407788819
7180.299113955372
7180.97907115391
7181.066542423337
7181.0819194368505
7181.609621385427
7181.716572765997
7181.943164604154
7182.672665433538
7182.981231246552
7183.297679518305
7184.017791663158
7184.030516580415
7184.888324490345
7185.226942938184
7185.535691267806
7186.337633112718
7186.921328173386
7187.099728521215
7187.271209682144
7187.352402284859
7187.595967194383
7187.862156719242
7188.036578332836
7188.086826227473
7189.73272099788
7189.773019120159
7190.193914260871
7190.617127963639
7190.831855876398
7191.064591266323
7191.469705455681
7191.744293466605
7192.048843302229
7192.68959153957
7193.382486087791
7193.4021299683145
7193.9315387405495
7194.421846210655
7196.029921950601
7196.398453017274
7196.411529648181
7197.450369586786
7197.533745291045
7197.741618541022
7199.681788967108
7199.73526945034
7201.5390077914635
7202.785374672133
7202.854003228992
7204.492460445932
7204.662555894733
7205.09118242135
7205.339231183198
7206.026541515622
7207.046112127174
7207.515099588278
7207.92597776871
7208.189895049501
7208.882749317275
7209.1948928051725
7209.478448156684
7209.610338635964
7209.725899072848
7211.797363224769
7212.765588728828
7213.78586802502
7213.916920228898
7215.355472178698
7216.7035969503095
7216.824511939336
7216.973126688993
7217.779165676115
7218.848005740372
7218.953795982027
7219.621295867268
7219.6447513760895
7220.068803874204
7220.961921064653
7221.122402881967
7221.37554958051
7222.405759544996
7222.962805850983
7223.842223586915
7224.037300361508
7224.906891214747
7225.183999886423
7225.292886200365
7226.565871888241
7226.723643097677
7227.788354276614
7231.807161925559
7231.92105110571
7232.751347384149
7232.813863783726
7232.870743374223
7234.626599662715
7235.461289734449
7235.687644171024
7237.154792892844
7238.468517262566
7238.7999121357225
7239.0570125700615
7239.717054314345
7240.324368318852
7241.882552341453
7243.39492410234
7243.942563936183
7244.008226545759
7244.084278305046
7244.3614050928245
7244.97068015405
7245.595879089755
7245.709097166356
7246.410451475932
7246.800218764782
7247.401383006293
7249.121367847887
7250.450169757614
7252.654716671732
7253.7596736640635
7254.587048073871
7254.69946477624
7255.186174661111
7256.396879419503
7256.6954755017705
7257.92310742514
7258.096195738029
7258.449344646335
7259.456424048834
7259.8972040210165
7260.427956961316
7260.799248840455
7260.847741917355
7261.018607340214
7261.044153897463
7262.392750598723
7262.405875952956
7263.544940554646
7265.303241497159
7265.409887966498
7265.648311356972
7265.886047582108
7266.948502824987
7268.087271401987
7269.726445899112
7270.142905088327
7270.7626888635905
7272.599022859251
7273.022974680443
7273.281447097225
7273.636104816873
7273.780559272689
7274.702068510833
7275.140971134798
7275.143553137793
7275.333718427149
7275.439418823277
7275.73597798177
7276.066018320593
7277.000582332989
7279.171094546422
7279.6884291061415
7281.506672922908
7282.228887508261
7283.0377447362325
7283.1160870525
7284.837559597633
7286.731824911511
7286.957860604338
7287.008217996197
7287.645415224923
7288.344026295905
7288.5795209361
7288.594220799435
7288.845068780617
7289.112081090369
7289.299524809436
7289.519548299365
7290.25685110794
7290.712977118305
7290.9755641389265
7291.030552241911
7293.791056068915
7293.793314947592
7293.970156654542
7294.721747925916
7294.9234575338105
7295.842753181787
7296.895327852142
7296.944246527043
7297.136062106479
7297.412553960778
7297.770498938949
7297.833451459891
7298.987998481672
7299.090805178665
7299.708565790607
7300.097371221024
7300.407045632968
7300.819473357964
7300.927081991791
7302.253528255049
7303.188473426623
7304.263941402647
7304.306917104714
7304.464741460454
7304.984357495498
7305.5047720686525
7305.664467143951
7305.842054533682
7306.522721462424
7306.542652335989
7307.744365496366
7308.585029050691
7309.412399092481
7309.472643246463
7309.772631437494
7309.817651921384
7310.139694801735
7312.229736886762
7312.447586508682
7313.202849482745
7314.381850051644
7314.667196220298
7315.062427805649
7315.070068080299
7315.313437301427
7315.949929261008
7317.9690774102655
7319.631491687899
7319.930391042791
7320.160494368632
7320.203241526846
7320.392191477245
7321.5527570466575
7322.267083430829
7323.825624296628
7324.43152064998
7324.74073053099
7327.003374371767
7327.543144730241
7327.593762944296
7327.7895679814865
7329.752635340973
7329.969909320587
7330.115347363738
7330.563549391662
7331.704765064349
7334.9136368588315
7336.7814962134835
7337.6158998772025
7337.618324307488
7337.8298509413335
7337.840510728033
7338.136546316762
7338.884815346113
7339.067248189882
7339.412577309869
7340.025117497606
7340.243544849934
7341.13323717768
7341.666813680006
7342.183873587786
7342.377209483715
7342.463444145307
7343.143044835562
7343.96936024672
7344.128923668756
7344.64031658609
7344.956094571282
7345.174921562639
7345.806380498588
7345.949143349746
7346.041574692709
7346.174141392787
7346.58803860823
7346.878388966294
7348.934050668019
7349.495806871863
7350.475634057785
7350.706089742408
7351.429479687069
7351.648988338655
7351.8256811955325
7352.073773955285
7353.005547770327
7353.596442131867
7354.056519572201
7354.313782286035
7355.290461212572
7355.409964490017
7356.775383800876
7357.509273996677
7357.55265607472
7357.669041596502
7358.063922738005
7358.398131261738
7359.126098278844
7362.960802888352
7365.2658996671025
7365.988859957858
7368.48291644975
7373.974807235338
7374.490067256739
7374.735346408486
7374.913721003815
7374.919068676441
7376.87537402362
7377.0341844592995
7377.094900221918
7377.582370459819
7378.656975912675
7378.828362820466
7380.125092643416
7380.759470780033
7381.180108725214
7381.773546615723
7382.854154578351
7383.036803859184
7383.52856645082
7383.971515708955
7383.994428246886
7384.506003333467
7385.040010195667
7385.12469634048
7386.022896765571
7387.216700039276
7387.5004408640925
7388.292822062106
7388.471169400454
7390.020857832558
7390.1993750549445
7390.32197783114
7390.467390820066
7391.4096298604645
7392.358755309877
7393.595643433394
7393.811733431585
7394.504965078009
7395.643854009945
7397.001774205643
7397.036630308392
7397.235507162279
7397.630878506406
7397.7563958104565
7397.782820679842
7397.796484658778
7397.88982828465
7398.152630300482
7398.73408735416
7398.846263036358
7398.959495296436
7400.383612031562
7400.489300321555
7401.50591211272
7401.639638292485
7401.8892470415885
7402.167335433816
7402.699739116154
7403.630279401253
7403.779441826668
7404.028488287019
7405.043982336396
7405.601995505208
7405.885010089
7408.115896448968
7408.837299743567
7409.650681224795
7411.009574043017
7411.075348832812
7411.192273452041
7411.786701645712
7412.090532399871
7412.184658097964
7412.625732513709
7413.343002513587
7414.118031114024
7414.182222713155
7414.651884848623
7415.09608210972
7415.135710048368
7415.898532133405
7416.380486682805
7417.01048335097
7417.451724560687
7417.887406277341
7418.128703134901
7418.273794457898
7418.327813447222
7418.352239110712
7418.578938318416
7418.770917986044
7419.658641876024
7419.907158981745
7419.926180385994
7420.402182076698
7420.470235547652
7420.81283475111
7421.439531132542
7421.8702167092515
7422.211287027862
7422.826952969894
7423.39844769445
7423.826535669466
7426.277431974342
7426.863771249645
7427.325775478042
7428.275489465227
7429.860738275251
7429.895844214989
7430.715118469142
7432.792050956403
7433.098635678856
7433.40527118291
7434.016112188853
7434.400743425112
7435.022957897491
7435.067746464998
7435.108838996812
7435.626129816606
7435.97482020335
7437.337608152801
7437.441819262511
7437.509060427097
7437.588810233277
7437.589061775348
7437.980592678155
7438.892995806278
7438.9445402854235
7439.165433540293
7439.207563857755
7439.99320721122
7440.219468225746
7441.452356111923
7442.020639987605
7442.804784384419
7442.877751426834
7442.91694494058
7444.049591001009
7444.171068406073
7444.472437890174
7446.0041024055
7447.163926889458
7448.780126154457
7449.139639389585
7449.1867807744575
7452.742654984024
7452.753610013915
7453.914173329616
7454.104287427635
7454.684038621203
7455.5635483566
7456.000183092824
7456.058767643877
7457.192400691797
7457.530376983383
7457.704758275371
7457.78189565478
7457.892636531286
7458.391681085529
7460.434903759299
7461.652839459511
7461.8158670044395
7461.909529593134
7462.680691413531
7463.833454817877
7463.922748085027
7464.819188457052
7465.5079620264305
7466.006292546751
7466.470315777445
7466.596025351771
7467.832889543635
7468.339161548814
7468.844993087946
7470.066221765007
7470.0748442840695
7470.67684543674
7470.7228344920195
7472.079241414392
7473.600754107042
7474.1415534938305
7475.921082019605
7476.046234590163
7476.971452731905
7478.691109638323
7479.153358023992
7479.948218415602
7480.474025300126
7480.695937980064
7481.19315211556
7481.71199046768
7483.096261992402
7483.149935308837
7483.667016979012
7483.91933294271
7484.182633352305
7485.5109464409425
7486.446816009792
7486.780969857435
7487.186525956386
7487.769623505426
7487.875969220321
7488.2990883329685
7488.765768372284
7490.991768022577
7491.6684388312115
7491.681382736969
7492.194475326406
7492.963386006151
7494.508175656542
7495.100222740779
7495.407030998999
7495.562760986059
7496.178878954793
7496.235311594592
7496.250868015516
7496.710645602111
7497.092282680771
7497.3384000860315
7497.912454050218
7498.283802573105
7498.94413581078
7499.076152003418
7499.372551191679
7499.781726394151
7500.8087528251635
7501.266111763498
7502.651670048152
7503.147419701047
7504.88645846377
7505.276282142017
7505.429248415508
7505.72181956484
7505.884923755867
7506.810166482791
7507.934628056341
7510.833408757441
7510.833988446408
7511.649351699085
7511.713423206184
7511.798360933238
7513.029222971211
7513.8269290879225
7514.1009944179095
7514.946381087413
7517.4259350259545
7517.443608008218
7517.563124009786
7519.631987230719
7519.9698245662785
7521.437554950672
7521.71861267724
7522.2619807735155
7522.934716834783
7524.256082611542
7524.993111186279
7526.3877492958
7527.75622230465
7528.422261372887
7529.662362354642
7530.621915510422
7533.329640810546
7534.477922018337
7535.54723886536
7536.734942819306
7536.971062106389
7537.085921050713
7539.233973449337
7540.727699746438
7541.291345715604
7541.342997349358
7541.445363532603
7541.689537419701
7542.169138838944
7542.209243798113
7542.502474098939
7542.6171803113475
7542.618326465554
7544.140959548162
7544.864960026504
7544.963143774548
7546.827356045343
7547.733969824115
7548.084262774816
7549.393813858064
7552.035209096191
7553.434753734625
7554.437963233369
7556.160454427364
7557.2739041560935
7557.449520377459
7558.39997912855
7560.251399617273
7560.3596644142235
7560.443064170459
7561.432859629091
7562.042013639791
7562.071203413892
7562.364956142197
7564.3349766832
7564.721897379606
7564.789606557709
7565.0628172280285
7565.156790446841
7565.330875707543
7566.092556156629
7566.846581987293
7568.436452391889
7568.64501085589
7568.891600217115
7569.338649128161
7571.340758047706
7571.442666803536
7572.213922378807
7573.013935251576
7573.294989105575
7574.114711037615
7574.803768342773
7575.640797186184
7576.280032670518
7578.30001833684
7580.020999501421
7581.0798052313185
7581.476181215424
7584.120437411311
7584.247398927458
7586.020416887069
7586.520058397909
7586.540779687412
7587.273910833508
7587.577162781612
7591.49298240924
7592.091693345893
7594.510451509648
7596.910361459104
7596.993072135258
7597.134982731237
7597.219008218526
7599.953256927115
7601.317712464155
7605.299328926129
7608.118397423972
7608.8411433659585
7609.448363013831
7610.239485800186
7611.95058190754
7613.828327241969
7614.763693303677
7615.01300787036
7615.390335876478
7615.579017497834
7615.67225227361
7615.780990898152
7615.910468923467
7619.105162690079
7619.287240225374
7624.748635453409
7626.381259186364
7628.046436643002
7628.41397102967
7629.9212413477535
7630.218331697558
7635.518315811651
7635.672378683113
7635.893012650116
7636.710438531164
7637.400365765996
7637.599520506319
7638.4707320257
7639.590605517577
7639.981619816767
7640.405235546488
7640.436428861533
7640.543739904198
7642.464672639312
7644.8149434840725
7645.040694745309
7646.5034706640845
7647.585751800687
7648.650289580396
7651.503976747279
7653.813474595495
7654.028545995578
7654.581765711118
7655.834022934031
7656.04021057563
7656.918378345854
7657.097000351994
7657.32965445227
7659.533195838888
7663.739308268685
7665.107227412415
7668.60184311561
7668.863212388451
7669.131459826115
7670.215467853105
7672.275619178319
7673.291995214448
7681.84205005596
7682.845094024443
7684.558759645846
7685.461536281806
7685.647902082514
7692.964270067945
7694.760286432589
7695.623735212025
7698.742302810842
7699.251240724636
7699.943794008356
7704.820545202564
7709.147499799884
7711.045441825837
7711.874207557085
7712.844691449844
7714.080780242552
7714.365567119303
7715.175099703124
7722.73374071981
7722.905952212029
7723.053185656796
7729.582000747648
7729.58205116277
7732.030502771683
7732.706061224318
7734.568348991487
7734.581657596727
7734.618445755968
7737.788998001499
7738.02483543167
7740.092986802994
7741.461396643499
7742.724292842849
7744.824032055157
7746.276797389574
7750.983172264613
7752.005900301176
7758.03180066922
7763.252164420438
7764.997534632101
7777.016922144728
7777.787951466185
7781.806045222783
7782.99344504102
7785.2896960794415
7787.1946419761025
7790.682210359247
7796.6076862323725
7807.770229599244
7808.9692226489515
7818.461664544695
7821.011099149367
7823.81762910274
7825.313936119671
7827.839842861449
7829.249040033123
7858.253974490981
7865.3029731356455
7868.40464616937
7871.453295810543
7873.121689137095
7883.9760716787
7885.131921007852
7889.572891020613
7891.309441981444
7892.682985315388
7898.970587644797
7904.937159054225
7925.616456863121
7933.946989495003
7999.522160261816
8012.925145531097
8085.342885349413
