14264.81435133865
14285.75326551705
14304.956365673392
14304.957827304555
14313.338124503038
14329.247592248177
14335.019113743489
14352.788700804407
14354.256148109047
14357.224127490726
14364.158884549688
14372.140552619778
14389.877770010953
14391.88964201853
14392.89217069572
14394.659544859698
14397.399339004049
14398.199926963896
14399.355461905954
14402.623285191745
14407.441775786325
14407.78198241401
14410.038116820651
14410.939117296035
14412.40776926002
14414.554149759686
14416.32049366259
14420.328470558574
14422.544041587616
14422.924816382143
14430.810628902283
14434.410573424355
14435.70446233027
14437.863496190525
14438.87732892171
14440.109884563262
14441.202450737495
14441.679907345353
14444.747657853
14444.757630806422
14445.633971191168
14445.930820695063
14446.851220187027
14448.64474579329
14454.999443860748
14455.2801044739
14456.757935622394
14457.460399309337
14458.740264876089
14462.225202777128
14463.61112981448
14464.479728142824
14465.676569901903
14466.287073867143
14466.726931562434
14469.555055092405
14471.564113392484
14473.131206841466
14475.079589338757
14475.680404314295
14476.146630494852
14477.179535262636
14477.987767266153
14479.505694853293
14479.679470155892
14480.008056393048
14480.313504422775
14480.6839614698
14482.811989681424
14484.100010517059
14485.796207776333
14485.94421996988
14486.341454824778
14487.90041029492
14488.708946010243
14489.562104978235
14489.893138268524
14490.230988369913
14491.08432179709
14493.33729570046
14493.470014960674
14494.246708655579
14494.580492764793
14495.105478528003
14495.247678307269
14496.372918796576
14497.675989285923
14498.656456445084
14500.05651925115
14500.842137364976
14501.290966357943
14501.922209563547
14502.248435585028
14503.18518650728
14504.624925227741
14505.133460788238
14506.296392490121
14506.975457558265
14508.966652947278
14510.012218988137
14510.624122512301
14513.405174713424
14513.85451495996
14514.021706800271
14515.603482253504
14515.960841987497
14517.785686406425
14518.455086518023
14519.615039932381
14520.59137710731
14520.833671495808
14521.200039032781
14521.613507090768
14522.011854493734
14522.776193540847
14523.674491225669
14524.460356327803
14524.709127585442
14526.375357561525
14527.22136722433
14528.245338021281
14528.81880020263
14528.87456775947
14528.899468063426
14530.214763421067
14530.293468892885
14530.423440349545
14530.999897803584
14531.131545458751
14531.390113503747
14531.661748558317
14532.459406359927
14533.092258092063
14533.948212092175
14534.101779945144
14534.68763354651
14534.800699894775
14534.931807098194
14535.133147691082
14535.420817859296
14536.204774332795
14536.254212935748
14536.269974488758
14536.722889290459
14537.099590621028
14537.239664969373
14537.706361963914
14538.397643715192
14540.1574579083
14540.425217547689
14540.636666405426
14540.742417073157
14542.053240308092
14542.586100700513
14543.216794180258
14543.302864526106
14543.732393608694
14543.901364657484
14544.309250918273
14546.802800932883
14546.90845049043
14549.055486524543
14550.070598727509
14550.14256784371
14551.555067892406
14552.342437108211
14552.4750192875
14554.338931885508
14554.74191940516
14555.284514219666
14556.387728270602
14556.626037013844
14556.834251551358
14557.080175265355
14557.429215280818
14557.743685727977
14557.879643291484
14559.011908920913
14559.228269990976
14559.40478207704
14560.251387768598
14560.454565919952
14561.000433193933
14561.084821068383
14561.292930574928
14561.570426798826
14561.89035228088
14562.026448294426
14562.407160688821
14563.3071788
14563.688788928575
14565.862745039749
14566.943227281514
14567.547180630132
14570.304644592718
14571.834522174586
14572.15037125514
14572.53642504826
14572.570232743572
14573.212374949066
14573.65071110142
14574.055049988048
14574.734189591514
14575.40106352125
14576.90975923469
14577.442227511381
14577.456087982204
14577.852281471041
14577.915275088542
14578.0878108069
14578.968199676105
14579.000968241453
14579.463566359358
14579.951111454986
14580.414545024749
14581.188618094518
14581.78487914908
14581.981498522795
14583.846695443763
14583.896407979446
14583.957011564722
14584.160413202877
14584.872031307545
14584.999189089624
14585.191380563756
14585.370972408295
14585.419875009306
14586.20217210087
14586.262270679013
14587.698331108433
14587.857850549415
14588.24787739009
14588.646215885483
14588.739297064125
14589.27884359669
14589.714268382255
14589.793240518118
14589.89184154938
14589.95555155538
14590.238500474296
14590.284439092033
14591.117919192122
14591.655874697932
14592.542514639883
14592.70096415147
14592.927307577242
14593.32487208149
14595.379152300658
14595.478517679338
14595.777906563937
14595.837854844758
14595.916618174682
14596.071532778313
14596.249887447182
14597.044384406108
14597.053609613598
14597.58235158951
14598.738079621759
14599.321166649226
14599.924383753218
14600.012335592024
14600.561420667396
14600.567429988192
14601.407032315767
14602.090430012771
14602.721225055175
14602.728042083587
14602.740074245521
14602.984036730795
14603.387970427313
14603.477799217419
14603.478358960387
14603.92730566904
14605.298800655526
14605.371934771347
14605.431482605592
14605.46128471849
14605.734038042172
14605.75480793721
14605.887672009923
14606.012105599784
14607.581726667657
14607.855563876092
14607.881163870463
14609.572825230256
14609.645148327027
14609.888557205339
14610.298028205862
14610.317622067565
14610.758511797416
14611.095165973707
14611.153015389664
14611.23723815776
14611.446671211204
14611.471406713788
14612.80526637857
14612.994242977014
14613.34451735974
14613.633166729926
14613.854450537634
14614.982102984404
14615.77742424748
14616.0966452221
14616.313432310833
14616.933929212913
14616.99027891429
14617.024865038862
14617.613918798108
14618.101671872386
14618.268822453905
14618.375936039278
14618.39277920652
14618.867883599662
14619.588490241787
14620.417027183215
14620.86847557722
14621.415135911324
14621.638893255691
14621.905491837571
14622.001622278807
14622.063902233338
14622.466310645914
14622.606111179648
14622.735050238676
14624.208939344924
14624.264778402654
14624.453646284883
14624.583356691257
14624.848626150666
14625.374564867026
14625.708172336335
14625.951756300014
14626.919695573273
14626.998204454501
14627.021210712273
14627.523979073447
14629.17252712581
14629.668591958176
14629.68367887714
14629.962366136324
14630.38574681985
14630.422688838775
14630.738932882758
14630.860275601564
14631.324702630638
14631.510326895386
14631.693864290115
14631.738655936633
14631.834085643208
14632.581553369067
14632.84738208367
14633.058552099088
14634.720652491824
14634.78208236898
14635.039706666357
14635.503152599296
14635.679298574718
14635.699374807562
14636.077104336915
14636.162571600677
14636.499657012862
14636.52294006299
14636.523572572398
14636.889125275884
14636.893039341614
14636.91412499555
14636.981087366354
14637.043181205327
14637.108762967217
14637.124289709893
14637.630156728312
14638.301773378133
14638.50050876588
14638.516899828965
14638.894935563469
14640.14815552992
14640.32782464131
14640.461742539157
14640.761715539405
14641.359756906944
14642.25633885805
14642.426034464905
14642.567864034505
14643.433548400752
14643.44946827557
14643.64005614859
14643.778330852509
14643.85740065927
14643.889567346658
14644.239929795815
14644.351487105278
14644.827686671722
14645.029884843234
14645.382360608926
14646.889020630097
14647.710831731707
14647.7565066844
14648.000168068804
14648.41742612797
14648.894776501427
14649.082306432489
14649.496989876712
14649.549221334692
14649.816052631586
14649.862027504947
14649.998048074367
14650.019890028065
14650.84318502197
14651.32244079411
14652.069636899534
14652.071125670804
14652.789340611944
14652.872364301278
14652.950418039947
14653.356748280392
14653.790515804312
14654.164769849716
14654.285897844235
14654.368103545989
14655.110757901317
14656.266559350914
14656.431165424372
14656.868679725489
14656.999264449798
14657.40601310787
14658.023974915975
14658.198722636498
14658.262811023147
14659.005446314486
14659.440587782077
14660.041417693132
14660.400938955812
14660.468877100971
14660.615020359148
14660.843116193437
14661.42604883777
14662.007386347133
14662.219972226627
14662.486699822237
14663.541893882066
14663.786897824608
14664.032019827237
14664.169503232215
14664.543126961335
14664.665377436586
14664.955313361876
14665.028301261942
14665.192258557761
14665.408303373815
14665.791464092274
14666.205428700941
14666.417068960804
14666.553581930135
14666.893552869398
14667.716779659902
14668.412177353974
14668.472012036354
14668.589622928863
14668.733599396526
14668.801455644058
14668.819786862545
14668.974709090378
14669.26254467397
14669.441581040735
14669.658343042825
14671.268910185981
14671.517046491004
14671.692449924416
14672.221803232505
14672.448492093687
14672.59951740781
14672.894474301525
14673.611387501274
14673.972212370618
14674.086520461131
14674.610347016822
14674.66105738048
14674.784815103616
14675.369375671016
14675.460791928197
14675.922410346577
14675.95777291547
14676.282064465513
14676.829362828365
14677.15932192674
14677.641361713277
14678.192566327298
14678.35534997095
14678.778665819893
14679.226592275314
14679.291192752882
14679.7209866424
14681.281615118805
14681.811475386066
14681.854843443429
14682.133919374248
14682.64205447073
14682.829125084168
14683.174251305638
14683.53921969638
14683.648885442874
14683.756021040917
14683.978833560186
14684.323506973786
14684.469776811424
14684.48389783571
14684.902883841429
14685.03270827361
14685.083282431537
14685.152404165858
14685.1834181225
14685.271143621925
14685.657143225673
14685.706261884206
14686.004931517387
14686.588425952494
14686.631043235202
14686.759887361748
14686.832028118875
14688.849623516182
14689.707707267644
14690.375497803678
14690.417930494166
14690.666910837974
14691.238361122982
14691.282809023392
14691.300398732497
14691.593819478137
14691.677814197645
14692.431057892745
14692.516137833125
14692.944816931227
14693.165448731808
14693.176959077176
14694.133071137861
14694.239532646274
14694.88672764629
14695.407353334667
14695.612655468878
14695.854668908732
14696.41712214251
14696.608539821653
14696.61691143267
14697.613687422081
14697.62178723062
14699.097538341972
14699.377592883598
14699.385982028027
14700.45708459524
14700.55802576537
14701.045229783324
14701.392681111834
14702.504685392045
14702.53140798144
14702.53776330964
14702.638925475789
14703.634967212893
14703.742358671689
14703.761641533807
14705.83578625257
14706.574450444712
14707.463597707627
14707.588730166293
14708.37010073957
14708.387045738644
14708.655899339037
14710.03393254061
14710.523422274302
14710.798479379007
14711.150052583604
14711.321303717054
14711.651967731825
14711.861919122584
14712.08371786967
14712.130906658831
14712.480118728941
14712.739192102728
14713.327834386131
14715.274062698323
14715.445158263032
14715.489829092681
14715.492932590647
14715.993803888401
14716.046972459451
14718.13631462055
14718.140045169333
14718.613752005094
14718.708924322607
14718.739819188804
14718.880767548339
14719.009715958859
14719.060369680099
14719.09092033276
14719.412168473425
14719.675194864145
14719.795799819989
14720.07915921981
14720.198309744668
14720.995035094038
14721.073548592789
14722.170772448208
14722.225350067492
14722.636418105249
14723.118757432581
14723.250190477207
14723.267183053342
14723.349819576713
14723.370568461818
14723.614605183433
14724.832971060612
14726.464093637474
14726.961236086872
14727.081676365879
14727.33134195191
14727.681970811669
14728.120468752468
14728.899830346154
14729.242154811682
14730.652054932489
14731.09052018848
14731.1503097245
14731.443913959194
14731.775761637433
14731.898861306427
14732.751364039379
14732.94317150157
14733.06784539746
14733.140368776452
14733.190008402642
14733.496741011713
14733.508780849479
14735.403540183665
14735.694766360735
14735.863197977196
14736.019442845733
14736.380489590412
14736.445445615827
14736.65305418793
14736.669287080975
14737.104536505487
14738.180384903466
14739.733850958299
14739.943443954566
14740.625345762166
14741.011089872542
14741.475902839158
14741.623328844575
14741.945387202324
14742.748878385733
14742.862359754212
14743.245320064998
14743.39816697082
14743.399030763898
14743.680237484827
14743.705242630187
14743.74412561496
14743.827060740827
14744.395167466946
14746.148826460554
14746.418488028443
14747.862784517118
14748.746334051137
14748.82747451124
14749.012750323818
14749.15956927843
14749.772302137397
14750.226350763587
14751.031232972156
14751.185429194204
14751.269346465551
14751.805924627788
14753.060200654445
14753.564143457726
14753.8550688153
14754.650085740603
14755.09415817204
14755.097812570913
14755.921089769094
14756.36554285372
14756.50291022244
14756.601083014351
14756.749611171292
14757.715451123184
14757.836102666743
14758.340120565344
14759.557504422943
14759.574669889831
14759.839980594983
14760.248663757273
14760.334657195373
14761.1367543728
14761.291970136877
14761.305967261253
14761.337713273177
14761.50944728639
14762.191860741845
14762.249567778359
14762.685992002109
14762.726770444997
14763.415076029938
14763.736593327048
14763.78288969949
14763.792957409898
14764.261954258218
14764.619755655958
14765.106655581023
14765.628519525393
14765.80584285774
14766.115572676
14767.88607562724
14768.462140102298
14768.58325855313
14768.637623365883
14769.426078051678
14769.520516630977
14769.875722178369
14770.730226554386
14770.741252272346
14771.274279497951
14772.443605829762
14773.79339224547
14774.050228984417
14774.573768372024
14774.67993147597
14774.814827103217
14774.972546481611
14775.052371909176
14775.38974013318
14775.90489056913
14776.331117717675
14776.417823259731
14776.761341226891
14777.077789624867
14777.379640449879
14777.415301367748
14777.7781814781
14777.86622686216
14778.250586907296
14778.388028981291
14780.368671957847
14780.620081274334
14781.132108326618
14781.214486298692
14781.350372637984
14781.526206998433
14782.582520866541
14782.97115373949
14783.006048104004
14783.099533083443
14783.20816744972
14784.463977594816
14784.479469055179
14785.031575008283
14785.442691015058
14785.611381552491
14785.698773818041
14786.467942849726
14786.501876370816
14787.052436122514
14787.675371328678
14788.176047936275
14788.592645521001
14789.881521015815
14790.953959365695
14791.140839550988
14791.374598761075
14791.714952391847
14792.315689771076
14792.398826744924
14794.016198864405
14794.0322611013
14794.207339256083
14794.635177569055
14794.95731064624
14795.317506515032
14795.591040883022
14796.811154381858
14797.28338914468
14798.023760471606
14798.7400133113
14798.792793266017
14799.191673070343
14799.751040684872
14800.46393671955
14800.5176235916
14801.076924390554
14801.405087710467
14802.262246820752
14802.979185498787
14803.361464994114
14803.661484038044
14804.573118053708
14804.699719460812
14804.887031701703
14805.068222408387
14805.253755076554
14805.322756782121
14805.367762791471
14805.72883082076
14807.651495597795
14807.974784806758
14808.517221429896
14810.124713976144
14810.634673032677
14812.564751513004
14812.707620347728
14813.065813811272
14813.198028555737
14813.739513049666
14815.483763780074
14817.076118053747
14817.102885620036
14817.207172085264
14817.708251358345
14817.767790025213
14818.390704115278
14818.516862805707
14818.66038693753
14818.938795884324
14819.569384085069
14819.756410959817
14819.82565794954
14820.103257139324
14821.075343618035
14821.150816059579
14821.428526151887
14821.53628771596
14822.484306746954
14822.690241353981
14823.037339517301
14824.440529583982
14825.236653875229
14825.362332642777
14825.378154258984
14825.68803853991
14825.927993921801
14827.054044363445
14827.319738035285
14827.39732790853
14827.404858953403
14827.652379963998
14827.769280221246
14828.363593158949
14829.364325156717
14830.469905634653
14831.077752190678
14831.301287613376
14832.416944317947
14832.66686774285
14832.836928320632
14832.905960681006
14833.830715308506
14834.39850212568
14834.431803775526
14835.16113598522
14835.478973961139
14835.505639931853
14835.87158532999
14835.906156890202
14836.020844898772
14837.631321060324
14837.696090585861
14839.381316452402
14840.538719992363
14841.258673690767
14841.485003426566
14842.003358837183
14842.296464799647
14842.945653199691
14844.496892962497
14844.884056641042
14845.483832324573
14845.59258681488
14846.712405225833
14847.130693604196
14848.427633017596
14849.094019079466
14850.155889347001
14850.3709146127
14851.488719693734
14851.639654997658
14852.890280658548
14853.011907807804
14853.458736014642
14854.019124264827
14854.139603046156
14854.69234485272
14855.945727993269
14856.535358706225
14856.888128333965
14857.875317345211
14859.988703043146
14861.115503270687
14861.67355041278
14861.727051932432
14862.088881470761
14862.64966130599
14863.80388323455
14864.311310123749
14864.609600385938
14865.75190623813
14866.159095454814
14866.18160482727
14866.509557506886
14867.082067260468
14867.860398977964
14867.95309475179
14867.97797738805
14868.89054779555
14869.534520342084
14869.989103191172
14870.061729843725
14870.725750306026
14871.231495164784
14871.64345928097
14872.579918637344
14873.074398747565
14873.378332744114
14875.949950842582
14876.073145191973
14877.681748054116
14882.811425951733
14882.975261358155
14883.01783629318
14884.784145381866
14886.43472425912
14889.180379266658
14890.406555254887
14890.931311696599
14891.537547207741
14893.662502396359
14895.509263916083
14896.511801142151
14896.992959295736
14897.137054567804
14897.23079653555
14898.063972094102
14899.243380332213
14905.843353898084
14907.439325055466
14907.751958851386
14910.515483847761
14910.851367597377
14911.947355550985
14912.027447571916
14912.169317638456
14913.088811557902
14914.179151921102
14914.574725531098
14915.799991407423
14915.823792171603
14916.472976186467
14918.72980330635
14921.904409084826
14922.118571858675
14924.617444871648
14929.24988648895
14932.53245417243
14932.636822469725
14933.86281634837
14939.002769036635
14941.332341362982
14943.194667266936
14944.13987020796
14944.557201723443
14948.639204219173
14949.799806389085
14951.166297527543
14951.533076155354
14953.474567420506
14954.68437875923
14959.638997303013
14960.206608824466
14961.00775737551
14962.12635864743
14964.58881906656
14968.755103544489
14970.266985225642
14979.43964410841
14980.333700106663
14983.082763151315
14983.924346466702
14992.386870441616
14993.462739929417
14999.479607170508
15002.126274329295
15006.761018732925
15013.58717979116
15020.20770979438
15032.9032073343
15044.49714963217
15048.888287276592
15055.556197371958
15055.9291485877
15065.147297666823
15072.083770915186
15083.916531237895
15087.51461052434
15107.514573417682
15116.669873620867
