14304.956365673392
14313.338124503038
14335.019113743489
14354.256148109047
14391.88964201853
14399.355461905954
14402.623285191745
14407.78198241401
14410.939117296035
14414.554149759686
14416.32049366259
14420.328470558574
14422.544041587616
14435.70446233027
14441.202450737495
14445.633971191168
14445.930820695063
14455.2801044739
14456.757935622394
14464.479728142824
14466.726931562434
14469.555055092405
14475.680404314295
14476.146630494852
14477.179535262636
14487.90041029492
14489.562104978235
14489.893138268524
14494.580492764793
14495.105478528003
14500.05651925115
14502.248435585028
14504.624925227741
14515.960841987497
14521.613507090768
14526.375357561525
14528.81880020263
14530.293468892885
14531.131545458751
14534.101779945144
14537.099590621028
14537.239664969373
14538.397643715192
14542.586100700513
14543.216794180258
14543.901364657484
14551.555067892406
14552.342437108211
14554.338931885508
14557.743685727977
14560.454565919952
14561.000433193933
14561.084821068383
14561.89035228088
14562.026448294426
14574.055049988048
14575.40106352125
14577.915275088542
14579.000968241453
14585.191380563756
14585.370972408295
14589.95555155538
14590.284439092033
14595.379152300658
14595.478517679338
14595.837854844758
14597.044384406108
14597.58235158951
14599.321166649226
14599.924383753218
14600.561420667396
14601.407032315767
14602.090430012771
14603.478358960387
14605.431482605592
14611.153015389664
14611.471406713788
14612.994242977014
14613.854450537634
14618.268822453905
14618.39277920652
14619.588490241787
14620.417027183215
14620.86847557722
14621.415135911324
14622.063902233338
14622.466310645914
14622.606111179648
14624.264778402654
14624.453646284883
14625.708172336335
14626.998204454501
14629.962366136324
14631.693864290115
14635.039706666357
14635.503152599296
14636.077104336915
14636.499657012862
14636.889125275884
14641.359756906944
14644.351487105278
14645.029884843234
14652.789340611944
14654.285897844235
14655.110757901317
14656.431165424372
14659.005446314486
14659.440587782077
14660.400938955812
14660.468877100971
14660.615020359148
14664.032019827237
14665.791464092274
14666.417068960804
14667.716779659902
14668.974709090378
14671.517046491004
14671.692449924416
14672.221803232505
14674.610347016822
14674.66105738048
14675.369375671016
14675.460791928197
14676.282064465513
14677.15932192674
14681.281615118805
14681.811475386066
14682.133919374248
14682.64205447073
14683.648885442874
14685.657143225673
14685.706261884206
14686.631043235202
14686.832028118875
14692.516137833125
14692.944816931227
14693.165448731808
14693.176959077176
14695.612655468878
14695.854668908732
14696.41712214251
14696.608539821653
14696.61691143267
14697.62178723062
14699.385982028027
14700.55802576537
14701.392681111834
14702.504685392045
14703.634967212893
14707.463597707627
14710.798479379007
14715.489829092681
14718.140045169333
14720.07915921981
14721.073548592789
14723.250190477207
14723.267183053342
14729.242154811682
14730.652054932489
14731.09052018848
14731.443913959194
14732.751364039379
14733.06784539746
14733.508780849479
14735.694766360735
14736.445445615827
14736.65305418793
14741.475902839158
14741.623328844575
14742.862359754212
14743.705242630187
14746.418488028443
14749.012750323818
14749.15956927843
14751.185429194204
14755.097812570913
14755.921089769094
14756.601083014351
14759.839980594983
14760.334657195373
14761.291970136877
14763.736593327048
14764.261954258218
14768.58325855313
14769.875722178369
14771.274279497951
14773.79339224547
14774.67993147597
14775.38974013318
14776.331117717675
14776.417823259731
14777.86622686216
14778.388028981291
14782.582520866541
14786.467942849726
14787.052436122514
14788.592645521001
14789.881521015815
14791.714952391847
14798.023760471606
14800.46393671955
14801.076924390554
14805.068222408387
14805.253755076554
14808.517221429896
14810.124713976144
14810.634673032677
14812.707620347728
14815.483763780074
14817.207172085264
14818.516862805707
14818.938795884324
14822.690241353981
14825.378154258984
14825.68803853991
14827.652379963998
14828.363593158949
14832.416944317947
14834.431803775526
14835.16113598522
14835.478973961139
14835.505639931853
14837.631321060324
14837.696090585861
14846.712405225833
14848.427633017596
14853.458736014642
14861.115503270687
14861.727051932432
14864.311310123749
14867.860398977964
14867.95309475179
14869.534520342084
14872.579918637344
14873.378332744114
14875.949950842582
14890.931311696599
14898.063972094102
14907.439325055466
14912.027447571916
14929.24988648895
14943.194667266936
14954.68437875923
14964.58881906656
14968.755103544489
14979.43964410841
14999.479607170508
15013.58717979116
15044.49714963217
15072.083770915186
