14264.81435133865
14304.957827304555
14357.224127490726
14392.89217069572
14394.659544859698
14397.399339004049
14398.199926963896
14410.038116820651
14438.87732892171
14441.679907345353
14444.757630806422
14458.740264876089
14465.676569901903
14466.287073867143
14477.987767266153
14479.505694853293
14482.811989681424
14485.796207776333
14486.341454824778
14494.246708655579
14497.675989285923
14498.656456445084
14505.133460788238
14506.975457558265
14520.59137710731
14522.011854493734
14524.460356327803
14524.709127585442
14528.245338021281
14530.214763421067
14531.390113503747
14531.661748558317
14533.092258092063
14533.948212092175
14534.68763354651
14534.931807098194
14535.133147691082
14543.302864526106
14546.802800932883
14549.055486524543
14554.74191940516
14556.626037013844
14556.834251551358
14557.429215280818
14559.228269990976
14560.251387768598
14561.570426798826
14563.3071788
14571.834522174586
14572.15037125514
14572.53642504826
14572.570232743572
14577.442227511381
14577.852281471041
14580.414545024749
14583.896407979446
14585.419875009306
14587.698331108433
14588.24787739009
14588.739297064125
14589.27884359669
14591.117919192122
14593.32487208149
14595.916618174682
14600.012335592024
14602.721225055175
14602.728042083587
14602.740074245521
14602.984036730795
14603.477799217419
14605.46128471849
14605.75480793721
14611.23723815776
14617.024865038862
14617.613918798108
14621.638893255691
14622.001622278807
14624.583356691257
14624.848626150666
14627.021210712273
14627.523979073447
14629.17252712581
14631.510326895386
14631.738655936633
14632.84738208367
14633.058552099088
14635.679298574718
14635.699374807562
14636.52294006299
14636.523572572398
14636.981087366354
14637.630156728312
14640.32782464131
14640.761715539405
14643.85740065927
14646.889020630097
14649.549221334692
14652.950418039947
14656.999264449798
14658.023974915975
14662.219972226627
14663.541893882066
14664.169503232215
14665.192258557761
14666.553581930135
14668.801455644058
14669.441581040735
14669.658343042825
14671.268910185981
14673.611387501274
14674.784815103616
14675.922410346577
14678.192566327298
14679.226592275314
14679.7209866424
14681.854843443429
14683.53921969638
14683.978833560186
14684.48389783571
14684.902883841429
14685.152404165858
14689.707707267644
14690.375497803678
14691.282809023392
14691.300398732497
14691.677814197645
14694.88672764629
14695.407353334667
14697.613687422081
14699.377592883598
14700.45708459524
14702.53140798144
14710.523422274302
14712.08371786967
14712.739192102728
14715.274062698323
14716.046972459451
14718.708924322607
14719.009715958859
14719.060369680099
14719.09092033276
14719.412168473425
14720.995035094038
14722.170772448208
14722.225350067492
14727.33134195191
14728.120468752468
14731.775761637433
14733.190008402642
14740.625345762166
14741.011089872542
14742.748878385733
14743.399030763898
14743.827060740827
14744.395167466946
14746.148826460554
14749.772302137397
14753.060200654445
14757.836102666743
14759.557504422943
14759.574669889831
14761.1367543728
14761.305967261253
14761.337713273177
14762.249567778359
14763.78288969949
14764.619755655958
14765.628519525393
14765.80584285774
14766.115572676
14767.88607562724
14768.462140102298
14769.426078051678
14770.741252272346
14772.443605829762
14775.90489056913
14776.761341226891
14777.077789624867
14777.379640449879
14780.368671957847
14780.620081274334
14781.132108326618
14781.214486298692
14781.526206998433
14783.006048104004
14785.698773818041
14788.176047936275
14791.140839550988
14794.016198864405
14794.95731064624
14800.5176235916
14802.979185498787
14804.573118053708
14804.699719460812
14805.367762791471
14807.651495597795
14807.974784806758
14817.102885620036
14818.66038693753
14819.82565794954
14821.150816059579
14821.428526151887
14821.53628771596
14823.037339517301
14824.440529583982
14825.362332642777
14825.927993921801
14827.39732790853
14827.404858953403
14829.364325156717
14831.077752190678
14831.301287613376
14832.66686774285
14832.836928320632
14832.905960681006
14839.381316452402
14840.538719992363
14842.003358837183
14842.296464799647
14842.945653199691
14844.496892962497
14845.483832324573
14849.094019079466
14850.3709146127
14854.019124264827
14857.875317345211
14859.988703043146
14862.64966130599
14867.082067260468
14867.97797738805
14870.725750306026
14871.231495164784
14883.01783629318
14895.509263916083
14896.511801142151
14896.992959295736
14899.243380332213
14910.515483847761
14911.947355550985
14914.179151921102
14941.332341362982
14953.474567420506
14980.333700106663
14983.082763151315
14983.924346466702
14993.462739929417
15002.126274329295
15006.761018732925
15055.556197371958
15087.51461052434
