14285.75326551705
14372.140552619778
14389.877770010953
14412.40776926002
14444.747657853
14446.851220187027
14448.64474579329
14462.225202777128
14463.61112981448
14475.079589338757
14480.008056393048
14480.6839614698
14484.100010517059
14490.230988369913
14493.33729570046
14493.470014960674
14495.247678307269
14500.842137364976
14501.290966357943
14506.296392490121
14510.012218988137
14515.603482253504
14517.785686406425
14518.455086518023
14520.833671495808
14523.674491225669
14527.22136722433
14528.87456775947
14528.899468063426
14532.459406359927
14535.420817859296
14536.254212935748
14536.722889290459
14540.1574579083
14540.425217547689
14540.636666405426
14540.742417073157
14542.053240308092
14543.732393608694
14544.309250918273
14546.90845049043
14550.14256784371
14552.4750192875
14557.080175265355
14557.879643291484
14559.011908920913
14561.292930574928
14562.407160688821
14563.688788928575
14566.943227281514
14570.304644592718
14573.65071110142
14574.734189591514
14576.90975923469
14578.0878108069
14579.951111454986
14581.981498522795
14583.957011564722
14584.160413202877
14586.262270679013
14587.857850549415
14589.714268382255
14589.793240518118
14592.70096415147
14596.071532778313
14603.92730566904
14605.298800655526
14605.371934771347
14605.734038042172
14606.012105599784
14609.572825230256
14609.645148327027
14609.888557205339
14610.298028205862
14610.317622067565
14611.095165973707
14611.446671211204
14612.80526637857
14616.0966452221
14616.313432310833
14616.933929212913
14616.99027891429
14618.101671872386
14618.867883599662
14622.735050238676
14625.374564867026
14629.68367887714
14630.860275601564
14631.324702630638
14636.91412499555
14637.043181205327
14637.108762967217
14637.124289709893
14638.301773378133
14638.50050876588
14638.894935563469
14640.461742539157
14642.25633885805
14642.426034464905
14642.567864034505
14643.778330852509
14643.889567346658
14644.239929795815
14644.827686671722
14647.7565066844
14648.41742612797
14649.082306432489
14649.998048074367
14651.32244079411
14652.071125670804
14662.486699822237
14664.543126961335
14664.665377436586
14665.028301261942
14666.205428700941
14668.412177353974
14668.589622928863
14668.733599396526
14668.819786862545
14672.59951740781
14672.894474301525
14674.086520461131
14677.641361713277
14678.35534997095
14683.174251305638
14684.323506973786
14684.469776811424
14688.849623516182
14690.417930494166
14690.666910837974
14691.593819478137
14692.431057892745
14694.239532646274
14703.742358671689
14703.761641533807
14707.588730166293
14710.03393254061
14711.150052583604
14711.321303717054
14711.861919122584
14712.130906658831
14713.327834386131
14715.445158263032
14715.993803888401
14718.13631462055
14718.613752005094
14719.675194864145
14719.795799819989
14723.118757432581
14723.370568461818
14726.464093637474
14727.081676365879
14727.681970811669
14728.899830346154
14732.94317150157
14733.496741011713
14735.403540183665
14735.863197977196
14736.019442845733
14738.180384903466
14741.945387202324
14743.39816697082
14743.74412561496
14747.862784517118
14750.226350763587
14751.269346465551
14753.564143457726
14755.09415817204
14756.50291022244
14757.715451123184
14758.340120565344
14760.248663757273
14762.191860741845
14763.792957409898
14768.637623365883
14769.520516630977
14770.730226554386
14774.814827103217
14774.972546481611
14777.415301367748
14777.7781814781
14778.250586907296
14782.97115373949
14783.099533083443
14783.20816744972
14785.031575008283
14785.442691015058
14792.315689771076
14794.207339256083
14794.635177569055
14795.317506515032
14799.751040684872
14802.262246820752
14803.661484038044
14804.887031701703
14805.322756782121
14805.72883082076
14812.564751513004
14813.065813811272
14813.198028555737
14813.739513049666
14817.076118053747
14821.075343618035
14827.054044363445
14827.319738035285
14830.469905634653
14835.87158532999
14836.020844898772
14841.258673690767
14844.884056641042
14850.155889347001
14851.488719693734
14851.639654997658
14853.011907807804
14856.888128333965
14862.088881470761
14863.80388323455
14866.159095454814
14866.18160482727
14870.061729843725
14871.64345928097
14873.074398747565
14876.073145191973
14877.681748054116
14882.811425951733
14882.975261358155
14884.784145381866
14889.180379266658
14890.406555254887
14893.662502396359
14897.137054567804
14897.23079653555
14907.751958851386
14912.169317638456
14915.799991407423
14915.823792171603
14916.472976186467
14918.72980330635
14921.904409084826
14924.617444871648
14932.636822469725
14939.002769036635
14944.13987020796
14944.557201723443
14951.166297527543
14960.206608824466
14962.12635864743
14970.266985225642
14992.386870441616
15116.669873620867
