14329.247592248177
14352.788700804407
14364.158884549688
14407.441775786325
14422.924816382143
14430.810628902283
14434.410573424355
14437.863496190525
14440.109884563262
14454.999443860748
14457.460399309337
14471.564113392484
14473.131206841466
14479.679470155892
14480.313504422775
14485.94421996988
14488.708946010243
14491.08432179709
14496.372918796576
14501.922209563547
14503.18518650728
14508.966652947278
14510.624122512301
14513.405174713424
14513.85451495996
14514.021706800271
14519.615039932381
14521.200039032781
14522.776193540847
14530.423440349545
14530.999897803584
14534.800699894775
14536.204774332795
14536.269974488758
14537.706361963914
14550.070598727509
14555.284514219666
14556.387728270602
14559.40478207704
14565.862745039749
14567.547180630132
14573.212374949066
14577.456087982204
14578.968199676105
14579.463566359358
14581.188618094518
14581.78487914908
14583.846695443763
14584.872031307545
14584.999189089624
14586.20217210087
14588.646215885483
14589.89184154938
14590.238500474296
14591.655874697932
14592.542514639883
14592.927307577242
14595.777906563937
14596.249887447182
14597.053609613598
14598.738079621759
14600.567429988192
14603.387970427313
14605.887672009923
14607.581726667657
14607.855563876092
14607.881163870463
14610.758511797416
14613.34451735974
14613.633166729926
14614.982102984404
14615.77742424748
14618.375936039278
14621.905491837571
14624.208939344924
14625.951756300014
14626.919695573273
14629.668591958176
14630.38574681985
14630.422688838775
14630.738932882758
14631.834085643208
14632.581553369067
14634.720652491824
14634.78208236898
14636.162571600677
14636.893039341614
14638.516899828965
14640.14815552992
14643.433548400752
14643.44946827557
14643.64005614859
14645.382360608926
14647.710831731707
14648.000168068804
14648.894776501427
14649.496989876712
14649.816052631586
14649.862027504947
14650.019890028065
14650.84318502197
14652.069636899534
14652.872364301278
14653.356748280392
14653.790515804312
14654.164769849716
14654.368103545989
14656.266559350914
14656.868679725489
14657.40601310787
14658.198722636498
14658.262811023147
14660.041417693132
14660.843116193437
14661.42604883777
14662.007386347133
14663.786897824608
14664.955313361876
14665.408303373815
14666.893552869398
14668.472012036354
14669.26254467397
14672.448492093687
14673.972212370618
14675.95777291547
14676.829362828365
14678.778665819893
14679.291192752882
14682.829125084168
14683.756021040917
14685.03270827361
14685.083282431537
14685.1834181225
14685.271143621925
14686.004931517387
14686.588425952494
14686.759887361748
14691.238361122982
14694.133071137861
14699.097538341972
14701.045229783324
14702.53776330964
14702.638925475789
14705.83578625257
14706.574450444712
14708.37010073957
14708.387045738644
14708.655899339037
14711.651967731825
14712.480118728941
14715.492932590647
14718.739819188804
14718.880767548339
14720.198309744668
14722.636418105249
14723.349819576713
14723.614605183433
14724.832971060612
14726.961236086872
14731.1503097245
14731.898861306427
14733.140368776452
14736.380489590412
14736.669287080975
14737.104536505487
14739.733850958299
14739.943443954566
14743.245320064998
14743.680237484827
14748.746334051137
14748.82747451124
14751.031232972156
14751.805924627788
14753.8550688153
14754.650085740603
14756.36554285372
14756.749611171292
14761.50944728639
14762.685992002109
14762.726770444997
14763.415076029938
14765.106655581023
14774.050228984417
14774.573768372024
14775.052371909176
14781.350372637984
14784.463977594816
14784.479469055179
14785.611381552491
14786.501876370816
14787.675371328678
14790.953959365695
14791.374598761075
14792.398826744924
14794.0322611013
14795.591040883022
14796.811154381858
14797.28338914468
14798.7400133113
14798.792793266017
14799.191673070343
14801.405087710467
14803.361464994114
14817.708251358345
14817.767790025213
14818.390704115278
14819.569384085069
14819.756410959817
14820.103257139324
14822.484306746954
14825.236653875229
14827.769280221246
14833.830715308506
14834.39850212568
14835.906156890202
14841.485003426566
14845.59258681488
14847.130693604196
14852.890280658548
14854.139603046156
14854.69234485272
14855.945727993269
14856.535358706225
14861.67355041278
14864.609600385938
14865.75190623813
14866.509557506886
14868.89054779555
14869.989103191172
14886.43472425912
14891.537547207741
14905.843353898084
14910.851367597377
14913.088811557902
14914.574725531098
14922.118571858675
14932.53245417243
14933.86281634837
14948.639204219173
14949.799806389085
14951.533076155354
14959.638997303013
14961.00775737551
15020.20770979438
15032.9032073343
15048.888287276592
15055.9291485877
15065.147297666823
15083.916531237895
15107.514573417682
