6738.653239098647
6818.042478261476
6831.657092659411
6832.036712444797
6841.477305995565
6868.543895987189
6888.384105816545
6933.407131857065
6950.196825630147
6958.68495756514
6995.968014697921
6997.676370235734
7019.6596067470655
7021.742713060787
7022.47551142597
7026.795777793729
7037.240874488943
7044.129764526594
7044.565569849512
7047.499366066546
7057.582798979599
7057.774962167511
7060.255650430074
7066.875063074388
7070.724382495258
7070.793566159847
7074.329716404052
7075.303090414986
7082.183262419773
7093.734784675409
7095.320222938181
7114.194987804843
7118.4039482232965
7120.210582971632
7122.956313039573
7137.030104117373
7147.139338502944
7148.338970633239
7150.235792899278
7151.441574621282
7152.196550137971
7157.538384263721
7162.994132354163
7164.016091747352
7169.3383076601685
7170.328275527997
7172.810373035353
7173.963639964401
7180.97907115391
7181.066542423337
7181.943164604154
7183.297679518305
7186.337633112718
7187.595967194383
7189.73272099788
7190.617127963639
7191.744293466605
7193.4021299683145
7196.398453017274
7197.450369586786
7201.5390077914635
7204.492460445932
7206.026541515622
7207.046112127174
7209.1948928051725
7209.478448156684
7215.355472178698
7216.973126688993
7218.848005740372
7218.953795982027
7219.621295867268
7221.122402881967
7221.37554958051
7222.405759544996
7222.962805850983
7225.183999886423
7232.751347384149
7232.870743374223
7238.468517262566
7239.717054314345
7240.324368318852
7246.410451475932
7247.401383006293
7254.69946477624
7256.6954755017705
7257.92310742514
7260.799248840455
7261.018607340214
7262.392750598723
7265.409887966498
7265.886047582108
7269.726445899112
7273.780559272689
7275.140971134798
7275.143553137793
7275.439418823277
7279.6884291061415
7286.731824911511
7286.957860604338
7288.344026295905
7289.519548299365
7297.412553960778
7300.097371221024
7300.407045632968
7304.263941402647
7309.817651921384
7310.139694801735
7314.381850051644
7315.313437301427
7322.267083430829
7324.74073053099
7329.752635340973
7334.9136368588315
7339.067248189882
7341.13323717768
7342.183873587786
7342.463444145307
7343.96936024672
7344.64031658609
7345.806380498588
7349.495806871863
7351.648988338655
7351.8256811955325
7352.073773955285
7353.596442131867
7355.409964490017
7357.509273996677
7358.398131261738
7365.988859957858
7368.48291644975
7374.490067256739
7374.913721003815
7380.125092643416
7380.759470780033
7383.036803859184
7384.506003333467
7385.040010195667
7386.022896765571
7387.216700039276
7387.5004408640925
7388.292822062106
7388.471169400454
7390.467390820066
7404.028488287019
7405.885010089
7411.075348832812
7412.090532399871
7412.184658097964
7414.651884848623
7415.898532133405
7420.81283475111
7423.39844769445
7426.863771249645
7435.108838996812
7435.626129816606
7437.337608152801
7438.892995806278
7439.165433540293
7439.99320721122
7441.452356111923
7442.020639987605
7448.780126154457
7449.139639389585
7453.914173329616
7456.000183092824
7457.192400691797
7457.704758275371
7461.652839459511
7461.909529593134
7463.833454817877
7467.832889543635
7470.0748442840695
7470.67684543674
7473.600754107042
7474.1415534938305
7476.971452731905
7483.667016979012
7484.182633352305
7487.769623505426
7487.875969220321
7491.6684388312115
7492.194475326406
7492.963386006151
7496.178878954793
7496.235311594592
7505.276282142017
7505.72181956484
7510.833408757441
7514.946381087413
7517.4259350259545
7517.563124009786
7522.2619807735155
7524.993111186279
7528.422261372887
7534.477922018337
7535.54723886536
7540.727699746438
7541.342997349358
7542.169138838944
7542.502474098939
7547.733969824115
7548.084262774816
7552.035209096191
7553.434753734625
7557.449520377459
7565.156790446841
7568.64501085589
7569.338649128161
7575.640797186184
7578.30001833684
7581.0798052313185
7586.020416887069
7596.910361459104
7597.219008218526
7605.299328926129
7608.118397423972
7613.828327241969
7615.910468923467
7619.105162690079
7624.748635453409
7630.218331697558
7637.599520506319
7639.590605517577
7639.981619816767
7644.8149434840725
7646.5034706640845
7651.503976747279
7654.028545995578
7655.834022934031
7659.533195838888
7665.107227412415
7672.275619178319
7682.845094024443
7685.461536281806
7711.874207557085
7722.73374071981
7722.905952212029
7723.053185656796
7729.582000747648
7734.581657596727
7740.092986802994
7746.276797389574
7777.016922144728
7781.806045222783
7782.99344504102
7829.249040033123
7865.3029731356455
7891.309441981444
7904.937159054225
8085.342885349413
