6759.09667147494
6799.950846205083
6834.653040453162
6852.005684512885
6884.982553861154
6888.743687161552
6919.949727612075
6921.934914603831
6942.912714361594
6946.670765054528
6959.114496741387
6959.575442166944
6964.409797782658
6969.460693631019
6974.88978882699
6976.644070203923
6986.989128912087
6998.424199613328
7002.409958757541
7008.029922634591
7018.661024905397
7030.911983959636
7040.695552128563
7048.741178574117
7052.284151390057
7054.172050659406
7058.644853299863
7061.620155225222
7066.071269239613
7068.395251521464
7069.594255868169
7069.791052446547
7087.394770666717
7091.737347870457
7095.595996203269
7097.328464692031
7106.63546459258
7111.32520903172
7113.3978572657925
7113.762551646708
7115.3487143824905
7120.114711618506
7122.989664032039
7127.191707394254
7128.096318486817
7130.202796052996
7131.872104299213
7137.664747896197
7138.064314664799
7140.874724554816
7148.398187213722
7153.3185136301145
7157.558132074481
7159.874197445005
7164.145631249257
7167.390521351871
7167.747508951553
7170.171830152766
7172.374863093279
7172.670519268955
7173.877485732394
7174.166136543529
7178.318407788819
7181.716572765997
7184.030516580415
7185.535691267806
7187.099728521215
7187.352402284859
7188.086826227473
7190.831855876398
7191.064591266323
7205.09118242135
7208.189895049501
7209.725899072848
7211.797363224769
7225.292886200365
7226.565871888241
7227.788354276614
7235.461289734449
7238.7999121357225
7245.709097166356
7246.800218764782
7255.186174661111
7270.142905088327
7273.022974680443
7273.636104816873
7274.702068510833
7276.066018320593
7279.171094546422
7284.837559597633
7287.645415224923
7288.594220799435
7289.112081090369
7289.299524809436
7290.25685110794
7290.9755641389265
7291.030552241911
7293.970156654542
7299.090805178665
7304.306917104714
7304.984357495498
7305.5047720686525
7305.842054533682
7306.522721462424
7306.542652335989
7308.585029050691
7309.412399092481
7312.229736886762
7315.062427805649
7315.070068080299
7320.160494368632
7321.5527570466575
7327.593762944296
7330.563549391662
7337.8298509413335
7338.136546316762
7338.884815346113
7339.412577309869
7340.025117497606
7341.666813680006
7343.143044835562
7345.174921562639
7346.174141392787
7350.475634057785
7354.056519572201
7355.290461212572
7357.55265607472
7362.960802888352
7374.919068676441
7381.180108725214
7381.773546615723
7383.52856645082
7385.12469634048
7391.4096298604645
7394.504965078009
7397.001774205643
7397.630878506406
7398.152630300482
7398.959495296436
7401.639638292485
7401.8892470415885
7402.167335433816
7403.630279401253
7403.779441826668
7408.837299743567
7414.182222713155
7416.380486682805
7417.451724560687
7417.887406277341
7418.128703134901
7418.273794457898
7418.578938318416
7418.770917986044
7419.907158981745
7421.8702167092515
7422.826952969894
7423.826535669466
7429.860738275251
7429.895844214989
7432.792050956403
7433.098635678856
7434.400743425112
7435.067746464998
7439.207563857755
7440.219468225746
7442.804784384419
7449.1867807744575
7452.742654984024
7454.684038621203
7456.058767643877
7457.530376983383
7457.78189565478
7466.470315777445
7468.844993087946
7470.066221765007
7472.079241414392
7475.921082019605
7476.046234590163
7480.474025300126
7481.19315211556
7483.149935308837
7483.91933294271
7485.5109464409425
7487.186525956386
7488.765768372284
7490.991768022577
7491.681382736969
7495.100222740779
7496.250868015516
7496.710645602111
7497.092282680771
7497.3384000860315
7498.94413581078
7499.076152003418
7501.266111763498
7505.884923755867
7511.649351699085
7514.1009944179095
7519.9698245662785
7521.437554950672
7527.75622230465
7529.662362354642
7541.291345715604
7541.689537419701
7542.209243798113
7544.140959548162
7544.864960026504
7549.393813858064
7558.39997912855
7560.251399617273
7560.443064170459
7562.042013639791
7562.071203413892
7565.0628172280285
7566.846581987293
7571.340758047706
7573.013935251576
7580.020999501421
7587.273910833508
7591.49298240924
7608.8411433659585
7611.95058190754
7614.763693303677
7615.01300787036
7615.579017497834
7615.67225227361
7626.381259186364
7629.9212413477535
7640.405235546488
7647.585751800687
7654.581765711118
7656.918378345854
7670.215467853105
7699.251240724636
7709.147499799884
7712.844691449844
7714.080780242552
7715.175099703124
7732.706061224318
7734.568348991487
7742.724292842849
7758.03180066922
7763.252164420438
7764.997534632101
7785.2896960794415
7787.1946419761025
7790.682210359247
7808.9692226489515
7825.313936119671
7885.131921007852
