6697.239723504743
6805.151258407562
6831.588277588858
6867.803171380905
6885.845159486679
6933.212468877104
6940.518405860152
6947.640690314017
6954.952826014883
6977.055647610209
6980.923782138391
6989.275779334379
7010.203281466069
7018.468083128001
7031.600531970422
7032.428229727822
7037.8819605838
7039.564742536333
7040.821852484747
7042.56539754774
7044.3593910861455
7046.513984473244
7046.750783500506
7048.084224004631
7053.113820891528
7074.106367413241
7078.50880231283
7079.541831036404
7084.052318958249
7084.683257919347
7087.677315096775
7087.936099389013
7089.659294275066
7092.664787623842
7095.151896489839
7095.446701173678
7102.855984587919
7103.715054575717
7104.651207714064
7105.316338633683
7119.06863438035
7119.338563439536
7136.522841324177
7138.024990611294
7145.580090970255
7151.06203621234
7151.442836670419
7152.625094526314
7152.828506229829
7157.500238996552
7158.726242816579
7160.868919418021
7162.502407999336
7163.761487340264
7172.685316294448
7173.233981023347
7175.6895830500025
7182.672665433538
7182.981231246552
7184.888324490345
7185.226942938184
7186.921328173386
7187.271209682144
7187.862156719242
7188.036578332836
7190.193914260871
7191.469705455681
7192.68959153957
7196.029921950601
7196.411529648181
7197.533745291045
7199.73526945034
7202.854003228992
7205.339231183198
7208.882749317275
7212.765588728828
7216.7035969503095
7217.779165676115
7220.961921064653
7224.906891214747
7231.807161925559
7234.626599662715
7235.687644171024
7237.154792892844
7243.942563936183
7244.008226545759
7244.084278305046
7244.3614050928245
7245.595879089755
7250.450169757614
7253.7596736640635
7254.587048073871
7258.096195738029
7258.449344646335
7259.456424048834
7260.427956961316
7265.648311356972
7266.948502824987
7272.599022859251
7273.281447097225
7275.73597798177
7277.000582332989
7281.506672922908
7282.228887508261
7283.0377447362325
7287.008217996197
7288.845068780617
7290.712977118305
7293.791056068915
7294.9234575338105
7296.895327852142
7296.944246527043
7297.136062106479
7297.770498938949
7298.987998481672
7299.708565790607
7300.819473357964
7300.927081991791
7304.464741460454
7305.664467143951
7307.744365496366
7309.472643246463
7315.949929261008
7317.9690774102655
7319.631491687899
7323.825624296628
7327.7895679814865
7329.969909320587
7330.115347363738
7342.377209483715
7344.128923668756
7346.58803860823
7348.934050668019
7350.706089742408
7351.429479687069
7358.063922738005
7359.126098278844
7373.974807235338
7376.87537402362
7377.582370459819
7383.971515708955
7383.994428246886
7390.020857832558
7390.1993750549445
7390.32197783114
7392.358755309877
7393.595643433394
7393.811733431585
7397.036630308392
7397.782820679842
7397.88982828465
7398.73408735416
7398.846263036358
7400.383612031562
7405.043982336396
7405.601995505208
7408.115896448968
7409.650681224795
7411.786701645712
7414.118031114024
7417.01048335097
7419.658641876024
7420.402182076698
7421.439531132542
7426.277431974342
7427.325775478042
7433.40527118291
7435.97482020335
7437.509060427097
7437.588810233277
7444.472437890174
7447.163926889458
7462.680691413531
7463.922748085027
7464.819188457052
7466.006292546751
7470.7228344920195
7478.691109638323
7488.2990883329685
7495.407030998999
7502.651670048152
7504.88645846377
7505.429248415508
7506.810166482791
7511.713423206184
7511.798360933238
7513.029222971211
7517.443608008218
7519.631987230719
7526.3877492958
7533.329640810546
7536.734942819306
7537.085921050713
7539.233973449337
7541.445363532603
7542.6171803113475
7542.618326465554
7544.963143774548
7556.160454427364
7557.2739041560935
7560.3596644142235
7564.789606557709
7565.330875707543
7568.436452391889
7571.442666803536
7573.294989105575
7576.280032670518
7581.476181215424
7584.247398927458
7586.520058397909
7586.540779687412
7587.577162781612
7592.091693345893
7609.448363013831
7610.239485800186
7615.390335876478
7615.780990898152
7619.287240225374
7637.400365765996
7638.4707320257
7640.543739904198
7642.464672639312
7645.040694745309
7657.097000351994
7657.32965445227
7668.60184311561
7669.131459826115
7681.84205005596
7684.558759645846
7694.760286432589
7695.623735212025
7711.045441825837
7729.58205116277
7732.030502771683
7734.618445755968
7737.788998001499
7741.461396643499
7777.787951466185
7807.770229599244
7821.011099149367
7823.81762910274
7827.839842861449
7858.253974490981
7868.40464616937
7871.453295810543
7873.121689137095
7883.9760716787
7892.682985315388
7933.946989495003
8012.925145531097
