6741.769335891101
6810.014360355326
6864.054763211829
6882.585781787168
6894.93165413062
6903.511074540054
6908.599059594337
6931.6404476734115
6932.431662566233
6938.881604789917
6955.6968544992615
6958.098435419016
6968.369743812706
6970.935448554451
6989.108011877105
6990.157072999029
7005.686507410669
7012.86612724497
7014.468974296158
7016.054557505916
7021.61777763696
7023.975285414762
7025.556243210669
7040.102333647293
7044.452385216421
7048.697845042617
7058.175277561291
7061.6776864535395
7064.3473425694565
7069.487009745755
7072.731918369035
7079.05180327565
7085.977285608959
7086.871185746589
7089.1197788456175
7089.9877685666725
7094.767773255097
7096.868605180532
7097.629576668246
7098.8174136322805
7109.83820033739
7116.816197294889
7117.453570523063
7119.691287945794
7120.170024182161
7120.671209337872
7127.8531041133
7131.066391154081
7138.344797846303
7138.575181062361
7145.577144233851
7146.752405657782
7162.651165715434
7163.3735631098325
7165.754629008907
7169.079610604171
7171.476925919408
7174.644924017762
7176.388683051738
7180.299113955372
7181.0819194368505
7181.609621385427
7184.017791663158
7189.773019120159
7192.048843302229
7193.382486087791
7193.9315387405495
7194.421846210655
7197.741618541022
7199.681788967108
7202.785374672133
7204.662555894733
7207.515099588278
7207.92597776871
7209.610338635964
7213.78586802502
7213.916920228898
7216.824511939336
7219.6447513760895
7220.068803874204
7223.842223586915
7224.037300361508
7226.723643097677
7231.92105110571
7232.813863783726
7239.0570125700615
7241.882552341453
7243.39492410234
7244.97068015405
7249.121367847887
7252.654716671732
7256.396879419503
7259.8972040210165
7260.847741917355
7261.044153897463
7262.405875952956
7263.544940554646
7265.303241497159
7268.087271401987
7270.7626888635905
7275.333718427149
7283.1160870525
7288.5795209361
7293.793314947592
7294.721747925916
7295.842753181787
7297.833451459891
7302.253528255049
7303.188473426623
7309.772631437494
7312.447586508682
7313.202849482745
7314.667196220298
7319.930391042791
7320.203241526846
7320.392191477245
7324.43152064998
7327.003374371767
7327.543144730241
7331.704765064349
7336.7814962134835
7337.6158998772025
7337.618324307488
7337.840510728033
7340.243544849934
7344.956094571282
7345.949143349746
7346.041574692709
7346.878388966294
7353.005547770327
7354.313782286035
7356.775383800876
7357.669041596502
7365.2658996671025
7374.735346408486
7377.0341844592995
7377.094900221918
7378.656975912675
7378.828362820466
7382.854154578351
7395.643854009945
7397.235507162279
7397.7563958104565
7397.796484658778
7400.489300321555
7401.50591211272
7402.699739116154
7411.009574043017
7411.192273452041
7412.625732513709
7413.343002513587
7415.09608210972
7415.135710048368
7418.327813447222
7418.352239110712
7419.926180385994
7420.470235547652
7422.211287027862
7428.275489465227
7430.715118469142
7434.016112188853
7435.022957897491
7437.441819262511
7437.589061775348
7437.980592678155
7438.9445402854235
7442.877751426834
7442.91694494058
7444.049591001009
7444.171068406073
7446.0041024055
7452.753610013915
7454.104287427635
7455.5635483566
7457.892636531286
7458.391681085529
7460.434903759299
7461.8158670044395
7465.5079620264305
7466.596025351771
7468.339161548814
7479.153358023992
7479.948218415602
7480.695937980064
7481.71199046768
7483.096261992402
7486.446816009792
7486.780969857435
7494.508175656542
7495.562760986059
7497.912454050218
7498.283802573105
7499.372551191679
7499.781726394151
7500.8087528251635
7503.147419701047
7507.934628056341
7510.833988446408
7513.8269290879225
7521.71861267724
7522.934716834783
7524.256082611542
7530.621915510422
7536.971062106389
7546.827356045343
7554.437963233369
7561.432859629091
7562.364956142197
7564.3349766832
7564.721897379606
7566.092556156629
7568.891600217115
7572.213922378807
7574.114711037615
7574.803768342773
7584.120437411311
7594.510451509648
7596.993072135258
7597.134982731237
7599.953256927115
7601.317712464155
7628.046436643002
7628.41397102967
7635.518315811651
7635.672378683113
7635.893012650116
7636.710438531164
7640.436428861533
7648.650289580396
7653.813474595495
7656.04021057563
7663.739308268685
7668.863212388451
7673.291995214448
7685.647902082514
7692.964270067945
7698.742302810842
7699.943794008356
7704.820545202564
7714.365567119303
7738.02483543167
7744.824032055157
7750.983172264613
7752.005900301176
7796.6076862323725
7818.461664544695
7889.572891020613
7898.970587644797
7925.616456863121
7999.522160261816
